Sp_ID, 2MASS_ID, Gaia_ID, RA, DEC, G, I, J, H, K, Dis, e_Dis, M, e_M, R, e_R,  T_eff, e_Teff, SpT, e_Spt, SNR_TESS_temp, SNR_Spec_temp, SNR_TESS_HZ, SNR_Spec_HZ, SNR_JWST_HZ_tr,  SNR_JWST_HZ_occ, SNR_JWST_temp_occ
Sp0339+2457  00000000-0000000 0000000000000000000  54.9701667  24.9575083 50.00 15.30 12.84 50.00 11.74 19.2700  1.9300 0.08 0.00 0.10 0.02 2539.  144.  8.0  1.0   3.78 14.98  2.67 10.59  5.15  1.56  4.75
Sp0720-0846  00000000-0000000 0000000000000000000 110.0135417  -8.7803028 50.00 13.68 10.63 50.00  9.47  6.7200  0.0500 0.08 0.00 0.10 0.02 2395.  145.  9.0  1.0  14.73 24.67 10.42 17.45  7.37  3.91 12.13
Sp0903+0540  00000000-0000000 0000000000000000000 135.8373333   5.6705694 50.00 12.92 10.77 50.00  9.84 11.0000  1.0000 0.10 0.01 0.13 0.02 2683.  146.  7.0  1.0  13.52 15.49  9.56 10.95  5.11  2.12  6.59
Sp1056+0700  00000000-0000000 0000000000000000000 164.1207917   7.0144444 50.00  9.02  7.09 50.00  6.09  2.4200  0.0100 0.11 0.00 0.13 0.02 2831.  154.  6.0  1.0 134.96 15.24 95.43 10.78  5.66  3.90 12.79
Sp0004-4044  00043484-4044058 4996141155411984128   1.1461910 -40.7351291 18.35 16.53 13.11 12.05 11.40 12.1689  0.0560 0.07 0.00 0.09 0.01 2040.  105. 11.4  1.1   2.13 15.99  1.51 11.31  6.52  3.34 10.13
Sp0036+1821  00361617+1821104 2794735086363871360   9.0673410  18.3528589 17.52 15.89 12.47 11.59 11.06  8.7337  0.0161 0.07 0.02 0.09 0.01 1939.  105. 12.1  1.1   3.91 20.06  2.77 14.18  6.24  3.75 11.41
Sp0102-3737  01025100-3737438 4989399774745144448  15.7143748 -37.6288257 15.37 13.36 11.13 10.48 10.07 11.3700  0.0156 0.09 0.00 0.11 0.01 2648.  105.  7.2  1.1  13.12 18.40  9.28 13.45  5.92  2.31  7.13
Sp0109-5100  01090150-5100494 4928644747924606848  17.2568975 -51.0137235 16.67 14.82 12.23 11.54 11.09 15.8895  0.0297 0.09 0.00 0.11 0.01 2506.  105.  8.2  1.1   4.16 15.73  2.94 11.12  5.17  1.79  5.49
Sp0109-0343  01095117-0343264 2531195858721613056  17.4633464  -3.7239975 16.35 14.75 11.69 10.93 10.43 10.5843  0.0358 0.08 0.00 0.10 0.01 2387.  105.  9.1  1.1   5.22 21.82  3.69 15.43  6.66  2.89  8.86
Sp0215-3040  02150802-3040011 4971892010576979840  33.7840486 -30.6670547 15.86 13.86 11.62 10.95 10.54 14.0463  0.0303 0.09 0.00 0.11 0.01 2641.  105.  7.3  1.1  10.70 17.10  7.57 12.39  5.51  1.94  5.97
Sp0253+1652  02530084+1652532 35227046884571776    43.2543788  16.8812900 12.27 10.46  8.39  7.88  7.58  3.8300  0.0040 0.09 0.00 0.12 0.02 2743.  105.  6.6  1.1  72.10 16.92 50.98 13.77  6.05  3.83 12.34
Sp0255-4700  02550357-4700509 4752399493622045696  43.7674256 -47.0142628 18.61 17.29 13.25 12.20 11.56  4.8683  0.0061 0.04 0.02 0.09 0.02 1335.  104. 18.0  3.0   1.57 11.81  1.11  8.35  5.02  7.25 22.06
Sp0306-3647  03061159-3647528 5047423236725995136  46.5481457 -36.7980146 16.02 14.16 11.69 11.07 10.63 13.2407  0.0179 0.09 0.00 0.11 0.01 2538.  105.  8.0  1.1   7.92 17.32  5.60 12.25  5.42  1.99  6.12
Sp0314+1603  03140344+1603056 31235033696866688    48.5142992  16.0515210 17.23 15.81 12.53 11.82 11.24 13.6033  0.0514 0.08 0.00 0.10 0.01 2238.  105. 10.1  1.1   2.96 15.62  2.09 11.04  5.35  2.36  7.19
Sp0320+1854  03205965+1854233 56252256123908096    50.2488814  18.9063256 16.13 14.02 11.76 11.07 10.64 14.6283  0.0322 0.09 0.00 0.11 0.01 2631.  105.  7.4  1.1  10.04 17.20  7.10 12.26  5.54  1.92  5.89
Sp0331-3042  03313025-3042383 5055805741577757824  52.8761044 -30.7107841 15.65 13.60 11.36 10.70 10.26 12.5000  0.0185 0.09 0.00 0.11 0.01 2641.  105.  7.3  1.1  11.87 17.88  8.40 12.96  5.79  2.16  6.67
Sp0334-4953  03341218-4953322 4736655036868019072  53.5565235 -49.8922269 15.86 14.61 11.38 10.82 10.39  8.8717  0.0077 0.08 0.00 0.11 0.01 2268.  105.  9.9  1.1   5.32 20.86  3.76 14.75  5.87  2.92  9.01
Sp0339-3525  03393521-3525440 4860376345833699840  54.8971877 -35.4287857 15.47 13.90 10.72 10.02  9.55  6.4168  0.0043 0.08 0.00 0.10 0.01 2313.  105.  9.6  1.1  14.45 26.13 10.22 18.48  7.52  4.19 12.98
Sp0351-0052  03510004-0052452 3257243312560240000  57.7501140  -0.8791442 15.34 13.25 11.30 10.61 10.23 14.6812  0.0405 0.10 0.00 0.12 0.01 2818.  104.  6.1  1.0  11.87 15.66  8.39 12.64  5.33  1.84  5.70
Sp0401+2849  04013766+2849529 167202325215063168   60.4063552  28.8313088 18.47 16.86 13.41 12.43 11.82 12.4422  0.0408 0.07 0.02 0.09 0.01 1910.  105. 12.3  1.1   1.61 11.35  1.14  8.03  5.18  2.99  9.04
Sp0419+4233  04195212+4233304 229155579195699456   64.9680305  42.5584518 15.58 13.45 11.09 10.38  9.90 10.2007  0.0198 0.09 0.00 0.11 0.01 2589.  105.  7.7  1.1  13.91 20.39  9.84 14.42  6.51  2.69  8.30
Sp0435-1606  04351612-1606574 3171631420210205056  68.8173092 -16.1159039 14.63 12.31 10.41  9.78  9.35 10.5739  0.0284 0.11 0.00 0.13 0.02 2862.  105.  5.8  1.0  20.44 14.87 14.45 12.68  5.33  2.25  7.05
Sp0440-0530  04402325-0530082 3200303384927512960  70.0969905  -5.5022581 14.93 12.76 10.66  9.99  9.54  9.7517  0.0106 0.10 0.00 0.11 0.01 2714.  105.  6.8  1.1  18.06 18.82 12.77 14.11  6.33  2.68  8.35
Sp0510+2714  05102012+2714032 3421840993510952192  77.5835881  27.2338531 14.97 12.73 10.70  9.96  9.56 10.2584  0.0190 0.10 0.00 0.11 0.01 2766.  104.  6.4  1.0  18.46 18.75 13.05 14.29  6.40  2.63  8.16
Sp0517-3349  05173766-3349027 4825880783419986432  79.4074682 -33.8175201 16.51 14.22 12.00 11.32 10.83 16.8476  0.0311 0.09 0.00 0.11 0.01 2654.  105.  7.2  1.1   6.97 16.09  4.93 11.60  5.23  1.72  5.29
Sp0523-1403  05233822-1403022 2985035874544160384  80.9092803 -14.0505580 18.06 16.50 13.08 12.22 11.64 12.7478  0.0306 0.07 0.00 0.09 0.01 2014.  105. 11.6  1.1   1.86 13.79  1.32  9.75  5.25  2.74  8.33
Sp0539+4038  05392474+4038437 191109281417914880   84.8542398  40.6452329 15.30 13.30 11.11 10.45 10.04 11.4125  0.0252 0.09 0.00 0.11 0.01 2665.  105.  7.1  1.1  13.48 18.46  9.53 13.57  5.97  2.32  7.16
Sp0602+3910  06023045+3910592 3457493517036545280  90.6271444  39.1829407 17.26 15.56 12.30 11.45 10.87 11.6692  0.0231 0.08 0.00 0.10 0.01 2254.  105. 10.0  1.0   3.75 20.00  2.65 14.14  6.60  2.98  9.08
Sp0652+4710  06523073+4710348 954697944875755136  103.1277590  47.1763705 18.82 17.24 13.51 12.38 11.69  9.1101  0.0365 0.06 0.01 0.09 0.01 1681.  104. 14.1  1.3   1.52 11.40  1.07  8.06  5.50  4.31 13.02
Sp0700+3157  07003664+3157266 890663968222557440  105.1530571  31.9570844 18.08 16.34 12.92 11.95 11.32 11.3172  0.0448 0.07 0.00 0.09 0.01 2020.  104. 11.6  1.1   2.43 17.32  1.72 12.25  6.32  3.36 10.19
Sp0714+3702  07140394+3702459 898275195732381440  108.5163288  37.0461181 16.38 14.28 11.98 11.25 10.84 15.5950  0.0747 0.09 0.00 0.11 0.01 2611.  105.  7.5  1.1   6.80 17.16  4.81 12.13  5.46  1.83  5.63
Sp0740-1724  07401922-1724449 5717278911884264576 115.0809536 -17.4127531 13.98 12.13 10.15  9.63  9.29  9.1629  0.0075 0.10 0.00 0.13 0.02 2802.  105.  6.2  1.0  25.18 15.16 17.80 12.83  5.31  2.37  7.43
Sp0804+6153  08040580+6153336 1085037832803001344 121.0238794  61.8924634 17.33 15.17 12.74 11.93 11.45 20.0323  0.0612 0.09 0.00 0.10 0.01 2554.  104.  7.9  1.1   3.52 13.54  2.49  9.58  5.01  1.56  4.77
Sp0807+3213  08072607+3213101 901941452829250560  121.8583254  32.2194641 16.51 14.30 12.17 11.46 11.05 18.8495  0.0581 0.09 0.00 0.11 0.01 2698.  105.  6.9  1.1   6.17 14.98  4.37 11.01  5.00  1.55  4.75
Sp0828-1309  08283419-1309198 5723739672264914176 127.1423130 -13.1555117 17.60 16.24 12.80 11.85 11.30 11.6787  0.0239 0.07 0.00 0.09 0.01 2087.  105. 11.1  1.1   2.61 17.79  1.85 12.58  6.31  3.13  9.50
Sp0829+2646  08294949+2646348 703790044252850688  127.4550608  26.7760075 12.19 10.23  8.23  7.62  7.26  3.5795  0.0018 0.10 0.00 0.12 0.01 2790.  104.  6.3  1.0  90.12 17.39 63.72 14.11  6.34  4.04 13.07
Sp0830+0947  08303256+0947153 599891555546067072  127.6356783   9.7876210 16.24 14.00 11.89 11.16 10.76 16.6721  0.0413 0.10 0.00 0.11 0.01 2708.  104.  6.8  1.1  10.13 16.60  7.17 12.21  5.41  1.75  5.39
Sp0835-0819  08354256-0819237 5753687109122994048 128.9271935  -8.3231637 18.46 16.89 13.17 11.94 11.14  7.2102  0.0146 0.06 0.01 0.08 0.01 1661.  104. 14.3  1.3   2.08 16.77  1.47 11.86  7.09  5.92 17.93
Sp0840+1824  08402975+1824091 659464504288593536  130.1234773  18.4024241 15.02 13.00 11.05 10.42 10.05 13.5424  0.0260 0.10 0.00 0.12 0.01 2824.  104.  6.0  1.0  12.86 15.26  9.10 12.64  5.20  1.88  5.85
Sp0853-0329  08533619-0329321 5761985432616501376 133.4006657  -3.4922782 15.91 14.24 11.21 10.47  9.94  8.6666  0.0089 0.08 0.00 0.10 0.01 2399.  105.  9.0  1.1   8.79 23.65  6.21 16.72  7.13  3.38 10.42
Sp0900+2150  09002359+2150054 685103912857072640  135.0979406  21.8346940 13.43 11.41  9.44  8.84  8.44  6.3759  0.0056 0.10 0.00 0.12 0.01 2804.  105.  6.2  1.0  40.66 16.50 28.75 13.57  5.94  3.16 10.02
Sp0931-1717  09312228-1717425 5682008056323530368 142.8429276 -17.2950902 15.00 13.02 11.07 10.47 10.07 13.8380  0.0513 0.10 0.00 0.12 0.01 2824.  105.  6.0  1.0  12.38 14.84  8.75 12.38  5.06  1.83  5.69
Sp1013-7842  10132597-7842551 5202336655483914624 153.3584522 -78.7153160 18.99 17.30 13.84 12.74 12.03 14.0408  0.0592 0.07 0.02 0.08 0.01 1894.  105. 12.5  1.1   1.38  9.44  0.98  6.67  5.17  2.99  9.02
Sp1042-2416  10424135-2416050 5471345889049823744 160.6723574 -24.2678060 14.09 12.15 10.28  9.67  9.34 10.3916  0.0507 0.11 0.00 0.13 0.02 2888.  105.  5.6  1.0  22.77 14.05 16.10 12.43  5.07  2.14  6.73
Sp1048-3956  10481463-3956062 5393446658454453632 162.0591783 -39.9352344 14.02 12.64  9.54  8.90  8.45  4.0437  0.0021 0.08 0.00 0.11 0.01 2360.  106.  9.2  1.1  25.53 25.33 18.05 17.91  7.63  5.14 16.22
Sp1048-1120  10481258-1120082 3757613049856225792 162.0526090 -11.3360026 12.85 10.92  8.86  8.26  7.93  4.5621  0.0033 0.10 0.00 0.12 0.01 2743.  105.  6.6  1.1  57.04 18.20 40.33 14.35  6.45  3.84 12.29
Sp1048+0111  10484281+0111580 3808159454810609280 162.1783949   1.1995060 17.70 16.26 12.92 12.14 11.62 15.0284  0.0490 0.08 0.00 0.10 0.01 2195.  105. 10.4  1.1   2.05 14.09  1.45  9.96  5.05  2.20  6.71
Sp1105+4331  11053133+4331170 778947608243864320  166.3716066  43.5216374 12.27 10.67  8.74  8.18  7.84  4.8986  0.0041 0.10 0.00 0.13 0.02 2837.  105.  6.0  1.0  55.88 15.30 39.51 13.15  5.64  3.31 10.65
Sp1115-6731  11155037-6731332 5235273458327588224 168.9635053 -67.5258718 16.41 14.30 12.08 11.40 10.96 17.3570  0.0299 0.09 0.00 0.11 0.01 2648.  105.  7.2  1.1   6.18 15.50  4.37 11.20  5.05  1.63  5.02
Sp1121-1313  11214924-1313084 3562157781229213312 170.4548283 -13.2190913 16.42 14.38 11.93 11.23 10.73 14.3735  0.0370 0.09 0.00 0.11 0.01 2544.  105.  8.0  1.1   6.19 17.57  4.38 12.43  5.59  1.98  6.09
Sp1155-3727  11553952-3727350 3460806448649173504 178.9147817 -37.4598628 17.65 16.23 12.81 12.04 11.46 11.8132  0.0265 0.07 0.00 0.10 0.01 2020.  105. 11.6  1.1   2.30 15.12  1.63 10.69  5.22  2.77  8.43
Sp1155-2224  11554286-2224586 3493736924979792768 178.9284157 -22.4163315 15.12 13.08 10.93 10.29  9.88 10.9078  0.0188 0.09 0.00 0.12 0.01 2687.  105.  7.0  1.1  14.59 18.15 10.32 13.62  5.93  2.37  7.35
Sp1159-5247  11592743-5247188 5368479017141170304 179.8609974 -52.7885865 16.03 14.54 11.43 10.76 10.32  9.4636  0.0119 0.08 0.00 0.11 0.01 2355.  105.  9.3  1.1   5.97 21.67  4.22 15.32  6.37  2.94  9.05
Sp1224-1238  12245222-1238352 3576327737332306688 186.2174089 -12.6432523 17.11 15.36 12.57 11.82 11.35 17.1840  0.0578 0.08 0.00 0.10 0.01 2457.  105.  8.6  1.1   3.22 14.45  2.28 10.22  5.09  1.78  5.43
Sp1259-4336  12590470-4336243 6135947032490329472 194.7716813 -43.6067842 14.86 13.09 10.53  9.95  9.52  7.7440  0.0086 0.09 0.00 0.11 0.01 2516.  105.  8.2  1.1  15.82 20.14 11.18 14.24  6.31  3.03  9.44
Sp1309-2330  13092185-2330350 3504014060164255104 197.3410781 -23.5099329 16.14 14.02 11.79 11.08 10.67 14.9812  0.0436 0.09 0.00 0.11 0.01 2646.  105.  7.3  1.1  10.12 17.12  7.15 12.27  5.52  1.88  5.79
Sp1425-3650  14252798-3650229 6118581861234228352 216.3662908 -36.8397920 18.98 17.28 13.75 12.57 11.80 11.8203  0.0482 0.07 0.02 0.08 0.01 1814.  104. 13.1  1.2   1.51 10.47  1.07  7.40  5.73  3.71 11.19
Sp1428+1356  14280419+1356137 1227705135863076864 217.0172682  13.9370335 14.92 12.97 11.01 10.39 10.03 13.2400  0.0240 0.10 0.00 0.12 0.01 2816.  104.  6.1  1.0  13.13 15.39  9.28 12.72  5.22  1.91  5.93
Sp1428+3310  14284323+3310391 1287312100751643776 217.1798228  33.1775683 16.63 15.19 11.99 11.22 10.74 10.9796  0.0158 0.08 0.00 0.10 0.01 2295.  105.  9.7  1.1   4.13 21.56  2.92 15.24  6.36  2.84  8.69
Sp1430+5943  14303787+5943249 1618010323247026560 217.6540373  59.7235751 14.87 12.97 10.79 10.14  9.79  9.9626  0.0085 0.09 0.00 0.11 0.01 2669.  104.  7.1  1.1  15.93 18.79 11.27 13.96  6.12  2.52  7.82
Sp1438+6408  14380829+6408363 1668664785283445760 219.5380409  64.1434172 17.65 16.17 12.98 12.16 11.65 17.0120  0.0425 0.08 0.00 0.10 0.01 2301.  105.  9.6  1.1   2.21 13.78  1.56  9.74  5.08  1.99  6.07
Sp1444+3002  14441717+3002145 1282632682337912832 221.0715084  30.0372840 15.93 13.86 11.67 11.02 10.62 14.8429  0.0262 0.09 0.00 0.11 0.01 2665.  104.  7.1  1.1  10.40 16.54  7.35 12.20  5.34  1.83  5.65
Sp1454-6604  14540797-6604476 5848753805085988352 223.5362613 -66.0798456 18.41 16.52 13.06 12.17 11.72 10.7174  0.0348 0.07 0.02 0.09 0.01 1887.  104. 12.5  1.1   1.96 14.44  1.38 10.21  5.00  3.00  9.11
Sp1456-2809  14563831-2809473 6224387727748521344 224.1591510 -28.1635063 14.08 12.09  9.96  9.31  8.93  7.0538  0.0055 0.09 0.00 0.11 0.01 2700.  105.  6.9  1.1  33.75 19.37 23.87 14.59  6.59  3.26 10.24
Sp1501+2250  15010818+2250020 1262763648230973440 225.2840972  22.8339224 16.53 15.08 11.87 11.18 10.71 10.6916  0.0226 0.08 0.00 0.10 0.01 2289.  105.  9.7  1.1   4.14 20.69  2.93 14.63  6.04  2.75  8.44
Sp1507-1627  15074769-1627386 6306068659857135232 226.9486207 -16.4611440 17.97 16.56 12.83 11.89 11.31  7.3902  0.0180 0.06 0.01 0.09 0.01 1693.  104. 14.0  1.3   2.05 16.84  1.45 11.91  5.52  4.42 13.43
Sp1510-0241  15101685-0241078 6336552379219937920 227.5701578  -2.6855696 17.24 15.26 12.61 11.84 11.35 18.0128  0.1146 0.09 0.00 0.10 0.01 2493.  105.  8.3  1.1   3.38 14.22  2.39 10.05  5.13  1.72  5.26
Sp1521+5053  15210103+5053230 1595520568815311744 230.2545118  50.8896649 16.38 14.32 12.01 11.33 10.92 16.1080  0.0273 0.09 0.00 0.11 0.01 2609.  104.  7.5  1.1   6.24 16.42  4.41 11.61  5.21  1.73  5.31
Sp1524+2925  15242475+2925318 1272178319624018816 231.1031275  29.4254282 15.31 13.26 11.21 10.54 10.15 13.0583  0.0157 0.10 0.00 0.11 0.01 2748.  104.  6.6  1.0  12.95 17.26  9.16 13.27  5.72  2.07  6.41
Sp1534-1418  15345704-1418486 6265453524968112640 233.7370902 -14.3136812 15.77 14.00 11.38 10.73 10.30 10.8979  0.0210 0.08 0.00 0.11 0.01 2501.  105.  8.3  1.1  11.24 19.42  7.95 13.73  5.99  2.43  7.48
Sp1540-5101  15404341-5101357 5985290231327158144 235.1863548 -51.0266584 12.76 10.87  8.96  8.30  7.94  5.3154  0.0028 0.11 0.00 0.12 0.01 2857.  105.  5.8  1.0  52.09 16.13 36.83 13.61  5.97  3.38 10.82
Sp1546-5534  15464185-5534468 5884382654716110848 236.6728709 -55.5798574 14.58 12.25 10.21  9.55  9.11  8.3908  0.0496 0.10 0.00 0.12 0.01 2758.  105.  6.5  1.0  26.54 18.26 18.77 14.15  6.33  2.92  9.15
Sp1607-0442  16073123-0442091 4404521333221783680 241.8801585  -4.7026741 16.37 14.19 11.90 11.19 10.72 15.2259  0.0506 0.09 0.00 0.11 0.01 2617.  105.  7.5  1.1   7.63 17.14  5.40 12.12  5.53  1.89  5.82
Sp1614-0251  16142520-0251009 4405150047715392128 243.6049920  -2.8502104 15.25 13.31 11.30 10.68 10.28 14.5386  0.0280 0.10 0.00 0.12 0.01 2782.  105.  6.3  1.0  11.45 15.46  8.09 12.40  5.19  1.81  5.62
Sp1633-6808  16334976-6808488 5809399363316630912 248.4557327 -68.1468704 15.96 13.67 11.56 10.96 10.48 15.2803  0.0255 0.10 0.00 0.12 0.01 2712.  105.  6.8  1.1  10.34 15.64  7.31 11.98  5.17  1.79  5.52
Sp1645-1319  16452211-1319516 4327580052130121728 251.3420067 -13.3311841 17.23 15.87 12.45 11.69 11.14 11.2481  0.0187 0.07 0.00 0.10 0.01 2122.  105. 10.9  1.1   3.28 17.82  2.32 12.60  5.79  2.86  8.73
Sp1655-0823  16553529-0823401 4339417394313320192 253.8968627  -8.3946536 13.84 11.94  9.78  9.20  8.82  6.4979  0.0050 0.09 0.00 0.12 0.01 2674.  105.  7.1  1.1  37.12 18.50 26.25 14.10  6.27  3.26 10.28
Sp1707-0558  17072343-0558249 4364185165038935040 256.8476290  -5.9736717 16.94 15.18 12.05 11.26 10.71 11.7518  0.0607 0.08 0.00 0.10 0.01 2343.  105.  9.3  1.1   4.11 20.85  2.91 14.74  6.46  2.76  8.45
Sp1718-4131  17185456-4131395 5959737748540750592 259.7269774 -41.5278015 14.58 12.55 10.61 10.00  9.62 11.2523  0.0228 0.10 0.00 0.12 0.01 2830.  104.  6.0  1.0  17.09 15.28 12.08 12.81  5.34  2.15  6.71
Sp1731+2721  17312974+2721233 4595127343251508992 262.8738781  27.3564541 16.80 15.28 12.09 11.39 10.91 11.9306  0.0175 0.08 0.00 0.10 0.01 2301.  105.  9.6  1.1   3.68 19.19  2.60 13.57  5.80  2.52  7.72
Sp1735-2745  17350903-2745448 4061264935583100160 263.7877504 -27.7624617 18.48 16.66 14.11 12.62 12.20 26.4408  0.6827 0.09 0.02 0.08 0.03 2516.  427.  8.2  3.0   2.02 10.62  1.43  7.51  6.21  1.81  5.45
Sp1753-2312  17531132-2312268 4068644101753728512 268.2996920 -23.2070077 19.63 17.68 13.96 12.48 12.03  9.2615  0.0866 0.06 0.02 0.07 0.04 1663.  350. 14.3  3.5   1.69 11.72  1.19  8.29  6.06  4.73 14.24
Sp1805-2758  18054038-2758568 4062844895337938688 271.4138828 -27.9798247 17.86 15.78 11.70 10.88 10.69  2.8245  0.0069 0.05 0.02 0.11 0.02 1371.  105. 17.4  2.5   4.56 27.33  3.22 19.32  5.51  7.93 24.38
Sp1807+5015  18071593+5015316 2123161836615550848 271.8164666  50.2587872 17.81 16.29 12.93 12.13 11.60 14.6170  0.0282 0.08 0.00 0.10 0.01 2175.  105. 10.5  1.1   2.04 14.41  1.44 10.19  5.17  2.30  7.00
Sp1821+1414  18212815+1414010 4485574134969389312 275.3673552  14.2335685 18.68 17.16 13.43 12.40 11.65  9.3496  0.0222 0.07 0.01 0.09 0.01 1697.  104. 14.0  1.3   1.45 11.19  1.03  7.91  5.28  4.08 12.35
Sp1826+3014  18261131+3014201 4588438567346043776 276.5442924  30.2385765 15.95 14.81 11.66 11.18 10.81 11.1007  0.0140 0.08 0.00 0.11 0.01 2326.  104.  9.5  1.1   4.04 17.67  2.86 12.50  5.02  2.22  6.83
Sp1829-1439  18291894-1439014 4104121283206946688 277.3291078 -14.6505374 16.71 15.43 12.91 11.75 11.33 17.8662  0.1682 0.09 0.00 0.09 0.01 2525.  107.  8.1  1.1   4.29 17.63  3.03 12.47  6.76  2.14  6.49
Sp1835+3259  18353790+3259545 2091177593123254016 278.9077745  32.9981420 14.87 13.35 10.27  9.62  9.17  5.6848  0.0031 0.08 0.00 0.11 0.01 2372.  105.  9.2  1.1  16.64 24.69 11.77 17.46  7.35  4.26 13.29
Sp1839+2952  18393308+2952164 4587614930058979584 279.8878684  29.8712448 15.10 13.07 11.01 10.38 10.01 12.1575  0.0154 0.10 0.00 0.12 0.01 2747.  105.  6.6  1.0  13.87 17.15  9.81 13.37  5.66  2.14  6.63
Sp1843+4040  18432213+4040209 2098514324976071424 280.8420245  40.6725942 15.43 13.33 11.31 10.69 10.31 14.3804  0.0199 0.10 0.00 0.12 0.01 2770.  104.  6.4  1.0  11.56 15.76  8.17 12.53  5.25  1.83  5.67
Sp1845-6357  18450541-6357475 6439125097425259776 281.2860999 -63.9631851 14.02 12.70  9.54  8.97  8.51  4.0000  0.0025 0.08 0.00 0.11 0.01 2323.  105.  9.5  1.1  23.84 24.75 16.85 17.50  7.33  5.06 15.96
Sp1845+3853  18451889+3853248 2098118397710725248 281.3289187  38.8901727 16.51 14.40 12.21 11.46 11.05 18.1909  0.0345 0.09 0.00 0.11 0.01 2664.  105.  7.1  1.1   5.75 15.46  4.06 11.00  5.21  1.64  5.02
Sp1916+0509  19165762+0509021 4293315765165489536 289.2400326   5.1504413 14.32 12.28  9.91  9.23  8.77  5.9156  0.0047 0.09 0.00 0.11 0.01 2578.  105.  7.7  1.1  30.40 21.89 21.50 15.48  7.15  3.87 12.13
Sp1921-2915  19212977-2915507 6759481141756109056 290.3744225 -29.2640393 15.56 13.51 11.45 10.85 10.44 14.9808  0.0489 0.10 0.00 0.12 0.01 2743.  105.  6.6  1.0  10.85 15.67  7.67 12.26  5.17  1.78  5.49
Sp2000+3057  20000565+3057300 2030861099681010304 300.0240136  30.9589170 14.33 12.63 10.67 10.11  9.78 11.6419  0.0115 0.10 0.00 0.13 0.02 2815.  104.  6.1  1.0  15.63 14.86 11.05 12.57  5.12  2.01  6.27
Sp2044+1517  20443743+1517352 1762523981210977664 311.1562162  15.2929935 15.29 13.44 11.03 10.49 10.06 10.3985  0.0114 0.09 0.00 0.12 0.01 2561.  104.  7.8  1.1  12.17 17.93  8.61 12.94  5.57  2.30  7.13
Sp2057-0252  20575409-0252302 6915795853718552960 314.4753896  -2.8750694 18.07 16.48 13.12 12.27 11.72 15.4911  0.0573 0.08 0.00 0.09 0.01 2169.  105. 10.6  1.1   1.73 12.90  1.23  9.12  5.12  2.26  6.87
Sp2127+5553  21272531+5553150 2177877452238559104 321.8565920  55.8875087 16.30 14.18 12.01 11.33 10.91 17.3142  0.0322 0.09 0.00 0.11 0.01 2675.  104.  7.1  1.1   7.25 15.79  5.13 11.60  5.08  1.63  5.03
Sp2228-1325  22285440-1325178 2601148128510120576 337.2264140 -13.4220719 14.56 12.87 10.77 10.22  9.84 10.8723  0.0119 0.09 0.00 0.12 0.01 2716.  105.  6.8  1.1  15.00 16.69 10.61 13.12  5.52  2.22  6.91
Sp2306-0502  23062928-0502285 2635476908753563008 346.6223839  -5.0413977 15.65 13.62 11.35 10.72 10.30 12.4172  0.0194 0.09 0.00 0.11 0.01 2628.  105.  7.4  1.1  11.63 17.66  8.22 12.82  5.67  2.12  6.56
Sp2330-4736  23301612-4736459 6526541563232943872 352.5661971 -47.6125234 15.25 13.30 11.23 10.64 10.28 13.5376  0.0292 0.10 0.00 0.12 0.01 2737.  105.  6.6  1.0  11.96 16.18  8.46 12.70  5.30  1.90  5.87
Sp2331-2749  23312174-2749500 2331849006126794880 352.8406513 -27.8304464 15.88 14.04 11.65 11.05 10.65 13.6434  0.0300 0.09 0.00 0.11 0.01 2571.  105.  7.8  1.1   9.26 16.61  6.55 11.85  5.21  1.88  5.78
