Sp_ID, 2MASS_ID, Gaia_ID, RA, DEC, G, I, J, H, K, Dis, e_Dis, M, e_M, R, e_R,  T_eff, e_Teff, SpT, e_Spt, SNR_TESS_temp, SNR_Spec_temp, SNR_TESS_HZ, SNR_Spec_HZ, SNR_JWST_HZ_tr,  SNR_JWST_HZ_occ, SNR_JWST_temp_occ
Sp0923-2300  00000000-0000000 0000000000000000000 140.7623333 -23.0114028 50.00 13.36 10.90 50.00 10.35 11.0000  1.0000 0.08 0.00 0.13 0.02 2539.  144.  8.0  1.0   9.79 14.03  6.92  9.92  4.21  1.72  5.35
Sp1128+0141  00000000-0000000 0000000000000000000 172.0292500   1.6916806 50.00 13.47 11.54 50.00 10.63 19.0000  2.0000 0.11 0.01 0.13 0.02 2831.  154.  6.0  1.0   8.83 12.53  6.25  8.86  4.21  1.35  4.19
Sp0001+0659  00011579+0659355 2745860763717896448   0.3159132   6.9931951 14.69 12.83 11.29 10.74 10.42 23.3498  0.0483 0.14 0.00 0.16 0.02 3090.  104.  4.4  0.8   7.22  7.84  5.10  8.61  2.86  0.88  2.77
Sp0004-1709  00045753-1709369 2414623952318068224   1.2398172 -17.1602658 14.60 12.78 11.00 10.46 10.08 17.0188  0.0366 0.12 0.00 0.14 0.02 2984.  104.  5.0  0.9  10.03 10.64  7.09 10.43  3.80  1.30  4.08
Sp0006-0732  00064325-0732147 2441630500517079808   1.6799580  -7.5380623 11.78 10.12  8.32  7.79  7.44  4.8474  0.0031 0.12 0.00 0.14 0.02 2964.  105.  5.2  0.9  67.48 11.72 47.71 11.34  4.56  2.72  8.86
Sp0008+4918  00085512+4918561 393621524910343296    2.2306785  49.3156445 14.41 12.70 10.86 10.32  9.98 14.7433  0.0184 0.11 0.00 0.14 0.02 2926.  104.  5.4  0.9  11.98 12.03  8.47 11.22  4.25  1.52  4.77
Sp0011+5908  00113182+5908400 423027104407576576    2.8788798  59.1444124 13.49 11.81  9.95  9.39  9.09  9.3020  0.0063 0.11 0.00 0.13 0.02 2901.  105.  5.5  1.0  27.88 13.25 19.71 12.10  4.84  2.18  6.88
Sp0013+8039  00134305+8039494 565169459376414592    3.4344947  80.6636524 14.42 12.51 10.94 10.37 10.06 19.1907  0.0250 0.14 0.00 0.16 0.02 3078.  104.  4.5  0.8   9.77  8.56  6.91  9.21  3.17  1.07  3.37
Sp0020+3305  00202922+3305081 2863419584886542080   5.1234310  33.0851189 13.96 12.04 10.28  9.69  9.33 12.2379  0.0182 0.12 0.00 0.14 0.02 2998.  104.  5.0  0.9  20.84 11.14 14.73 10.88  4.18  1.71  5.40
Sp0021+1843  00211645+1843558 2794420351160369920   5.3191146  18.7321307 14.84 12.90 11.32 10.76 10.42 22.7237  0.0730 0.14 0.00 0.16 0.02 3072.  104.  4.5  0.8   7.40  8.38  5.23  8.96  3.04  0.94  2.94
Sp0025+5422  00251602+5422547 419624356438705152    6.3157658  54.3819181 15.74 13.91 11.78 11.21 10.82 16.7967  0.0342 0.09 0.00 0.12 0.01 2694.  105.  6.9  1.1   9.16 14.65  6.48 11.34  4.71  1.55  4.77
Sp0033-4733  00331349-4733165 4975847194422433280   8.3068622 -47.5545880 13.88 12.05 10.45  9.83  9.54 14.5883  0.0152 0.13 0.00 0.15 0.02 3065.  104.  4.6  0.8  17.58  9.50 12.43  9.93  3.62  1.39  4.39
Sp0034+4050  00343787+4050022 381017479521263360    8.6578953  40.8339243 15.35 13.66 11.77 11.21 10.88 20.9403  0.0523 0.11 0.00 0.13 0.02 2881.  104.  5.7  1.0   7.80 11.76  5.51 10.50  3.93  1.17  3.62
Sp0035-0541  00354412-0541102 2526788363283721984   8.9338372  -5.6862693 14.15 12.17 10.67 10.07  9.71 17.8785  0.0313 0.15 0.00 0.17 0.02 3108.  104.  4.3  0.8  12.53  7.96  8.86  8.75  3.06  1.12  3.54
Sp0035+1028  00355557+1028352 2751296646125543040   8.9814154  10.4765317 13.58 11.75 10.22  9.66  9.37 14.3778  0.0166 0.14 0.00 0.17 0.02 3097.  104.  4.4  0.8  17.64  8.22 12.47  9.07  3.20  1.29  4.09
Sp0051-2254  00513516-2254307 2349206343359507584  12.8968407 -22.9085875 14.39 12.72 10.90 10.34 10.04 15.3456  0.0274 0.11 0.00 0.14 0.02 2949.  105.  5.2  0.9  11.51 11.72  8.14 11.11  4.15  1.45  4.54
Sp0101+5410  01015952+5410577 411311395692644224   15.4969642  54.1826976 13.17 11.36  9.78  9.20  8.86 11.1090  0.0101 0.14 0.00 0.16 0.02 3074.  104.  4.5  0.8  22.86  9.09 16.16  9.67  3.58  1.62  5.17
Sp0102+5304  01025869+5304080 405201306499066624   15.7456368  53.0688260 14.66 12.97 11.31 10.79 10.46 21.7668  0.0349 0.13 0.00 0.16 0.02 3040.  104.  4.7  0.9   7.54  8.86  5.33  9.27  3.16  0.98  3.06
Sp0104-1807  01045368-1807292 2358022227591374336  16.2244697 -18.1246190 12.71 10.89  9.39  8.75  8.45  9.7652  0.0078 0.14 0.00 0.16 0.02 3109.  105.  4.3  0.8  26.95  8.45 19.06  9.25  3.41  1.67  5.37
Sp0108-3710  01084644-3710212 4989657094825384064  17.1928281 -37.1726234 14.35 12.60 11.12 10.52 10.25 22.7142  0.0372 0.15 0.00 0.17 0.02 3121.  104.  4.3  0.8   7.90  7.40  5.59  8.36  2.75  0.88  2.77
Sp0111-4908  01114752-4908087 4929042942932181888  17.9473574 -49.1357943 15.34 13.44 11.54 11.00 10.61 18.5823  0.0331 0.11 0.00 0.13 0.02 2863.  105.  5.8  1.0   8.69 12.23  6.14 10.80  4.16  1.32  4.10
Sp0112-1659  01123052-1659570 2358524597030794112  18.1278903 -16.9989893 10.43  8.80  7.26  6.75  6.42  3.7113  0.0012 0.14 0.00 0.17 0.02 3089.  104.  4.4  0.8  79.21  8.23 56.01  9.14  3.37  2.13  7.08
Sp0113-7050  01130536-7050378 4690736923033593728  18.2716577 -70.8437975 13.83 12.06 10.56 10.00  9.66 17.4288  0.0226 0.15 0.00 0.17 0.02 3111.  104.  4.3  0.8  13.89  7.63  9.82  8.56  2.94  1.10  3.47
Sp0117-5705  01172190-5705199 4910314961376339584  19.3411037 -57.0889149 15.22 13.32 11.62 11.00 10.66 23.0951  0.0493 0.12 0.00 0.15 0.02 3018.  104.  4.8  0.9   7.16  9.85  5.06  9.76  3.45  1.01  3.16
Sp0123-2345  01233175-2345413 5040636634346210432  20.8821298 -23.7615639 14.40 12.67 11.17 10.68 10.31 23.6285  0.0472 0.15 0.00 0.17 0.02 3107.  104.  4.3  0.8   7.13  7.03  5.04  8.02  2.60  0.83  2.61
Sp0124+6819  01242326+6819312 531859307941994240   21.0998763  68.3253372 15.38 13.26 11.47 10.92 10.54 20.7430  0.0584 0.12 0.00 0.14 0.02 2973.  105.  5.1  0.9   7.77 10.42  5.49 10.06  3.65  1.12  3.50
Sp0130-3512  01302899-3512002 5014775163084430976  22.6211231 -35.2001248 14.39 12.83 11.28 10.70 10.43 22.5541  0.0390 0.13 0.00 0.16 0.02 3083.  104.  4.5  0.8   7.59  8.28  5.37  8.97  2.99  0.92  2.89
Sp0138-6029  01380110-6029559 4716158215980519552  24.5072564 -60.4988956 14.70 12.69 11.19 10.66 10.29 23.5732  0.0355 0.15 0.00 0.17 0.02 3111.  104.  4.3  0.8   7.26  7.24  5.13  8.16  2.69  0.86  2.69
Sp0139-3936  01392170-3936088 4960651016012601856  24.8407233 -39.6024918 12.59 10.76  9.21  8.63  8.27  8.7349  0.0060 0.14 0.00 0.16 0.02 3085.  104.  4.5  0.8  30.35  8.84 21.46  9.50  3.55  1.81  5.84
Sp0141+3016  01411566+3016111 303438275527023744   25.3162981  30.2696495 14.40 12.70 11.17 10.57 10.31 21.8105  0.0444 0.14 0.00 0.16 0.02 3094.  104.  4.4  0.8   8.12  8.16  5.74  8.92  2.98  0.94  2.96
Sp0143+0014  01435333+0014323 2509463083685544320  25.9723127   0.2424138 14.97 12.75 11.17 10.61 10.26 21.3139  0.2418 0.14 0.00 0.16 0.02 3075.  104.  4.5  0.8   8.16  8.43  5.77  9.03  3.09  0.99  3.12
Sp0145+1636  01451680+1636588 91490916598591616    26.3200246  16.6163592 14.52 12.78 11.15 10.59 10.24 20.2404  0.0416 0.13 0.00 0.15 0.02 3053.  104.  4.6  0.9   8.57  9.04  6.06  9.44  3.29  1.07  3.34
Sp0151-0607  01510405-0607047 2467732906559754496  27.7670994  -6.1180532 12.72 10.88  9.41  8.84  8.55 10.5735  0.0114 0.15 0.00 0.17 0.02 3124.  104.  4.3  0.8  23.87  7.46 16.88  8.53  3.02  1.46  4.71
Sp0151-3057  01510512-3057572 5019191935652145792  27.7714836 -30.9657481 14.06 12.49 10.94 10.42 10.14 19.9692  0.0291 0.14 0.00 0.17 0.02 3086.  104.  4.5  0.8   9.24  8.01  6.54  8.86  2.95  0.98  3.10
Sp0158+1807  01581572+1807128 91196316201965184    29.5654808  18.1202508 15.66 14.01 11.97 11.39 11.07 19.6367  0.0703 0.10 0.00 0.12 0.01 2759.  105.  6.5  1.0   8.31 13.66  5.88 10.99  4.35  1.32  4.07
Sp0202+1020  02021620+1020136 2571094283835172736  30.5676289  10.3372094 13.46 11.66  9.84  9.25  8.93  9.2068  0.0107 0.11 0.00 0.14 0.02 2941.  104.  5.3  0.9  28.18 12.71 19.93 11.85  4.74  2.18  6.89
Sp0210+4642  02103543+4642060 353394139660510464   32.6477292  46.7013412 14.14 12.41 10.92 10.39 10.10 21.0697  0.3377 0.14 0.00 0.17 0.02 3115.  104.  4.3  0.8   8.94  7.18  6.32  8.24  2.69  0.90  2.85
Sp0212+1032  02124635+1032546 72354810070468224    33.1931397  10.5485618 15.19 13.24 11.39 10.91 10.52 18.9129  0.0588 0.11 0.00 0.14 0.02 2909.  105.  5.5  1.0   8.33 11.00  5.89 10.31  3.79  1.21  3.77
Sp0214-0357  02141251-0357434 2492866780297999232  33.5523498  -3.9621060 14.17 12.28 10.48  9.86  9.48 12.4789  0.0286 0.12 0.00 0.14 0.02 2960.  104.  5.2  0.9  17.31 12.35 12.24 11.51  4.55  1.80  5.66
Sp0215+1015  02155612+1015174 72117556076986368    33.9837621  10.2548533 13.95 12.02 10.57  9.95  9.66 18.1733  0.0452 0.15 0.00 0.17 0.02 3135.  104.  4.2  0.8  13.85  7.19  9.79  8.24  2.80  1.04  3.30
Sp0216-2200  02162144-2200490 5123785831102567680  34.0892387 -22.0135245 14.84 13.10 11.31 10.76 10.40 19.2416  0.0406 0.12 0.00 0.14 0.02 2972.  104.  5.1  0.9   8.47 10.59  5.99 10.26  3.73  1.19  3.70
Sp0216+1335  02162977+1335136 74203982469858816    34.1244449  13.5868879 13.58 11.72  9.87  9.31  8.98  9.1004  0.0162 0.11 0.00 0.14 0.02 2912.  104.  5.5  1.0  28.34 13.06 20.04 11.99  4.81  2.21  7.00
Sp0217+3526  02170993+3526330 327944328126649856   34.2922822  35.4423756 13.72 11.76  9.98  9.35  9.01 10.3304  0.0123 0.12 0.00 0.14 0.02 2990.  104.  5.0  0.9  25.44 11.90 17.99 11.41  4.50  1.98  6.28
Sp0217-5922  02172845-5922435 4714117865996976768  34.3674784 -59.3788015 13.83 12.05 10.44  9.87  9.54 14.6708  0.0139 0.13 0.00 0.16 0.02 3058.  104.  4.6  0.8  17.06  9.29 12.06  9.75  3.53  1.36  4.31
Sp0219+5919  02195603+5919273 459215468053012096   34.9838768  59.3242480 15.18 13.17 11.34 10.76 10.41 18.1111  0.0350 0.11 0.00 0.14 0.02 2928.  105.  5.4  0.9   9.14 11.75  6.46 10.85  4.08  1.31  4.09
Sp0224-1716  02243065-1716419 5143825976706932480  36.1280185 -17.2784360 15.04 13.22 11.52 10.95 10.62 22.7308  0.0606 0.13 0.00 0.15 0.02 3023.  104.  4.8  0.9   7.18  9.46  5.08  9.56  3.33  0.99  3.10
Sp0225+6229  02252626+6229583 513688675702458880   36.3609044  62.4994631 16.09 14.03 12.05 11.40 11.02 20.5717  0.0397 0.10 0.00 0.12 0.01 2796.  105.  6.2  1.0   7.94 13.57  5.61 10.92  4.49  1.34  4.12
Sp0227+1935  02273126+1935260 86511572033828480    36.8804008  19.5904735 14.54 12.71 11.21 10.62 10.31 23.1091  0.0610 0.14 0.00 0.17 0.02 3109.  104.  4.3  0.8   7.55  7.64  5.34  8.48  2.82  0.89  2.80
Sp0228+0310  02280987+0310575 2515419825368053120  37.0411747   3.1828665 15.34 13.47 11.67 11.12 10.79 22.4983  0.0793 0.12 0.00 0.14 0.02 2965.  104.  5.2  0.9   7.12 10.28  5.03  9.91  3.52  1.03  3.20
Sp0230+1648  02302486+1648262 82512476444934528    37.6037795  16.8070028 15.41 13.82 11.86 11.27 10.98 19.8087  0.0583 0.10 0.00 0.12 0.02 2814.  104.  6.1  1.0   8.39 13.06  5.93 10.97  4.25  1.28  3.95
Sp0245+4457  02454119+4457030 340780198669027840   41.4224528  44.9507351 14.68 12.70 11.17 10.59 10.22 21.9604  0.2036 0.14 0.00 0.16 0.02 3094.  104.  4.4  0.8   8.01  8.06  5.67  8.75  2.98  0.96  3.03
Sp0246-7024  02460224-7024062 4646616923022587136  41.5112645 -70.4017388 13.15 11.34  9.84  9.33  9.02 12.7295  0.0102 0.14 0.00 0.17 0.02 3109.  104.  4.3  0.8  18.99  7.49 13.43  8.55  2.98  1.31  4.19
Sp0246-0459  02461477-0459182 5184938400096586112  41.5621764  -4.9890437 14.33 12.77 10.97 10.50 10.15 16.7330  0.0278 0.12 0.00 0.15 0.02 2958.  104.  5.2  0.9   9.95 10.52  7.04 10.35  3.71  1.28  3.99
Sp0246+1625  02463486+1625115 33732162042339072    41.6444899  16.4195029 14.58 12.93 10.97 10.52 10.19 13.9787  0.0242 0.10 0.00 0.13 0.02 2812.  105.  6.1  1.0  11.54 13.28  8.16 11.63  4.45  1.61  5.01
Sp0250-0808  02500239-0808417 5174318457801944448  42.5102132  -8.1448597 15.64 13.64 11.87 11.19 10.86 23.8809  0.0725 0.12 0.00 0.14 0.02 2985.  104.  5.0  0.9   7.09 10.87  5.01 10.22  3.72  1.05  3.26
Sp0253-7959  02534448-7959133 4620448786799883136  43.4368924 -79.9870169 15.08 13.19 11.34 10.74 10.38 17.4877  0.0240 0.11 0.00 0.13 0.02 2909.  104.  5.5  1.0   9.57 12.37  6.77 11.16  4.28  1.40  4.34
Sp0256-0036  02560388-0036332 2497858563088120448  44.0162415  -0.6091880 13.80 11.93 10.42  9.86  9.57 16.1477  0.0254 0.14 0.00 0.17 0.02 3105.  104.  4.4  0.8  15.79  7.83 11.17  8.76  3.03  1.16  3.68
Sp0300+6251  03000272+6251582 466652427262218240   45.0119518  62.8662366 14.39 12.70 11.07 10.54 10.22 19.8156  0.0289 0.13 0.00 0.16 0.02 3052.  104.  4.7  0.8   8.77  8.85  6.20  9.36  3.21  1.05  3.29
Sp0302-3950  03020638-3950516 5044297634405581696  45.5257732 -39.8477529 14.02 12.52 10.71 10.18  9.88 14.2483  0.0143 0.11 0.00 0.14 0.02 2949.  104.  5.2  0.9  12.99 11.43  9.18 10.99  4.09  1.50  4.69
Sp0308-3812  03082540-3812432 5044867731184769280  47.1064646 -38.2119601 14.62 12.88 11.23 10.68 10.33 20.8270  0.0278 0.13 0.00 0.15 0.02 3045.  104.  4.7  0.9   8.11  9.07  5.73  9.43  3.28  1.04  3.26
Sp0309+1001  03090015+1001257 14912165107085184    47.2507158  10.0237926 13.21 11.44  9.93  9.33  9.07 12.5645  0.0133 0.14 0.00 0.16 0.02 3103.  104.  4.4  0.8  20.11  8.30 14.22  9.16  3.27  1.41  4.50
Sp0310+0234  03100340+0234269 769456276704128      47.5140981   2.5741962 14.63 13.11 11.29 10.82 10.53 18.7960  0.0368 0.11 0.00 0.14 0.02 2937.  104.  5.3  0.9   8.42 10.56  5.96 10.25  3.62  1.15  3.59
Sp0311+0106  03111547+0106307 3266937637860051840  47.8144883   1.1085770 14.20 12.27 10.68 10.13  9.76 16.8676  0.0329 0.14 0.00 0.16 0.02 3069.  104.  4.6  0.8  12.42  8.79  8.78  9.34  3.32  1.21  3.82
Sp0314+2840  03141241+2840411 121843656638575872   48.5521396  28.6776549 14.61 12.86 10.99 10.43 10.09 14.9083  0.0267 0.11 0.00 0.13 0.02 2898.  104.  5.6  1.0  11.59 12.84  8.20 11.61  4.45  1.56  4.88
Sp0314-0940  03143737-0940163 5166527284047995136  48.6556352  -9.6713353 14.64 13.16 11.45 10.90 10.58 22.1051  0.0387 0.12 0.00 0.15 0.02 3019.  104.  4.8  0.9   7.34  9.42  5.19  9.57  3.32  1.00  3.13
Sp0320-5520  03205885-5520157 4733921479163010688  50.2462569 -55.3376987 15.91 13.95 12.07 11.45 11.08 23.6844  0.0485 0.11 0.00 0.13 0.02 2890.  104.  5.6  1.0   7.21 11.55  5.10 10.15  3.88  1.10  3.39
Sp0323+4200  03230175+4200269 240945608019526272   50.7577481  42.0074582 13.64 11.99 10.39  9.86  9.60 14.7534  0.0186 0.13 0.00 0.16 0.02 3064.  104.  4.6  0.8  17.49  8.84 12.37  9.52  3.36  1.29  4.07
Sp0330+5413  03304890+5413551 445100418805396608   52.7032454  54.2319890 13.74 12.01 10.17  9.60  9.28 10.4850  0.0100 0.11 0.00 0.13 0.02 2921.  104.  5.4  1.0  25.05 12.95 17.71 11.92  4.74  2.01  6.34
Sp0334-2130  03341065-2130343 5100356956302641536  53.5444535 -21.5095533 15.80 13.80 11.91 11.30 10.87 21.6519  0.0592 0.11 0.00 0.13 0.02 2875.  105.  5.7  1.0   7.79 12.20  5.51 10.55  4.12  1.22  3.78
Sp0335-0829  03353849-0829223 5165286828773802880  53.9109661  -8.4896648 13.87 12.11 10.38  9.80  9.46 13.0475  0.0232 0.12 0.00 0.15 0.02 3007.  104.  4.9  0.9  18.22 10.70 12.88 10.63  4.01  1.59  5.03
Sp0336-4430  03355969-4430453 4848140361962951552  54.0000397 -44.5127016 10.99  9.23  7.52  7.01  6.61  3.6721  0.0010 0.13 0.00 0.15 0.02 3017.  105.  4.8  0.9  84.19 10.19 59.53 10.39  4.06  2.58  8.51
Sp0347+0841  03472091+0841464 3278325004913943808  56.8370607   8.6964198 12.98 11.35  9.85  9.27  9.02 12.3902  0.0168 0.14 0.00 0.17 0.02 3109.  104.  4.3  0.8  20.14  7.99 14.24  8.96  3.16  1.38  4.42
Sp0347+2329  03475885+2329046 64989250397297280    56.9951650  23.4845220 14.68 12.86 11.35 10.75 10.49 24.1580  0.0631 0.14 0.00 0.16 0.02 3103.  104.  4.4  0.8   7.04  7.79  4.98  8.61  2.83  0.85  2.68
Sp0354+3333  03540082+3333323 218519487823384192   58.5040813  33.5585742 15.52 13.66 11.84 11.27 10.92 23.2030  0.0613 0.11 0.00 0.14 0.02 2940.  104.  5.3  0.9   7.03 10.74  4.97 10.03  3.63  1.04  3.24
Sp0354-1437  03542008-1437388 5110641513191522304  58.5836954 -14.6273802 15.40 13.13 11.34 10.73 10.33 19.0340  0.2350 0.12 0.00 0.14 0.02 2974.  105.  5.1  0.9   8.77 11.12  6.20 10.53  3.94  1.26  3.94
Sp0354+2416  03544620+2416246 65829792677145344    58.6924406  24.2735080 14.39 12.37 10.59  9.94  9.57 13.2454  0.0337 0.12 0.00 0.14 0.02 2974.  104.  5.1  0.9  15.59 12.14 11.02 11.40  4.47  1.72  5.40
Sp0357+4107  03571999+4107426 230171768457140736   59.3329561  41.1285105 14.66 12.77 10.90 10.30  9.95 14.0967  0.0260 0.11 0.00 0.13 0.02 2900.  104.  5.5  1.0  12.72 13.30  8.99 11.88  4.66  1.69  5.26
Sp0406+7916  04063732+7916012 555032443207370880   61.6603871  79.2670641 13.40 11.55 10.03  9.49  9.19 13.5146  0.0129 0.14 0.00 0.17 0.02 3104.  104.  4.4  0.8  18.33  7.91 12.96  8.86  3.11  1.31  4.17
Sp0410-5336  04102815-5336078 4780100658292046592  62.6147461 -53.6022608 11.91 10.32  8.75  8.21  7.90  7.1105  0.0024 0.14 0.00 0.16 0.02 3078.  104.  4.5  0.8  41.49  8.71 29.34  9.47  3.51  1.92  6.25
Sp0416+1310  04164276+1310587 3310480909661217664  64.1781636  13.1828576 15.64 13.71 11.81 11.23 10.84 20.7521  0.0611 0.11 0.00 0.13 0.02 2866.  104.  5.8  1.0   7.96 12.14  5.63 10.59  4.09  1.23  3.81
Sp0420-7005  04201249-7005594 4654435618927743872  65.0543410 -70.0996165 14.84 13.03 11.19 10.59 10.25 16.5638  0.0282 0.11 0.00 0.13 0.02 2922.  104.  5.4  1.0  10.30 12.45  7.28 11.34  4.33  1.45  4.50
Sp0425-0955  04253045-0955521 3191480078993217408  66.3769480  -9.9310240 14.94 13.17 11.47 10.92 10.57 22.2463  0.0456 0.13 0.00 0.15 0.02 3020.  104.  4.8  0.9   7.30  9.45  5.16  9.56  3.33  1.01  3.14
Sp0425-6355  04253069-6355483 4675599087458814464  66.3778126 -63.9300113 15.04 13.22 11.52 10.95 10.56 22.7429  0.0384 0.13 0.00 0.15 0.02 3023.  104.  4.8  0.9   7.17  9.43  5.07  9.50  3.35  1.01  3.15
Sp0426+0336  04261992+0336359 3280675417175220224  66.5830844   3.6100484 15.57 13.73 11.62 11.07 10.69 16.0203  0.0433 0.09 0.00 0.12 0.01 2710.  105.  6.8  1.1   9.65 14.82  6.83 11.62  4.79  1.60  4.94
Sp0428+0600  04281665+0600176 3285714066647420032  67.0693187   6.0049005 14.70 12.94 11.36 10.82 10.50 23.4087  0.0633 0.13 0.00 0.16 0.02 3073.  105.  4.5  0.8   7.08  8.20  5.01  8.83  2.95  0.90  2.82
Sp0431-2150  04314395-2150433 4898609629306412160  67.9334445 -21.8455713 14.26 12.76 11.02 10.55 10.28 18.3719  0.0230 0.12 0.00 0.15 0.02 3005.  104.  4.9  0.9   9.05  9.49  6.40  9.82  3.36  1.10  3.46
Sp0433+6846  04331742+6846543 496663940735093632   68.3239657  68.7817239 14.29 12.48 10.92 10.38 10.04 19.3560  0.0259 0.14 0.00 0.16 0.02 3081.  104.  4.5  0.8   9.68  8.30  6.85  9.01  3.08  1.05  3.30
Sp0433+6846  04331837+6846573 496663940735093504   68.3278644  68.7825754 14.44 12.64 11.05 10.43 10.11 19.4039  0.0293 0.13 0.00 0.15 0.02 3069.  104.  4.6  0.8   9.47  9.16  6.69  9.58  3.36  1.11  3.50
Sp0434+1906  04343785+1906051 3410478399832994688  68.6575872  19.1013964 14.02 12.16 10.61 10.06  9.71 16.9478  0.0225 0.14 0.00 0.16 0.02 3087.  104.  4.5  0.8  13.24  8.29  9.36  9.02  3.16  1.17  3.69
Sp0436+5211  04362265+5211506 272752039871123712   69.0941704  52.1973798 15.45 13.71 11.86 11.30 10.96 22.6719  0.0520 0.11 0.00 0.13 0.02 2909.  105.  5.5  1.0   7.19 11.08  5.08 10.15  3.70  1.07  3.31
Sp0438+7048  04385764+7048299 497443219601002496   69.7417029  70.8083248 14.91 13.10 11.43 10.90 10.58 22.7749  0.0390 0.13 0.00 0.15 0.02 3038.  104.  4.7  0.9   7.12  8.89  5.03  9.26  3.14  0.95  2.96
Sp0439+1615  04393163+1615447 3310083401849536384  69.8817450  16.2619325 13.57 11.83 10.14  9.53  9.19 11.9075  0.0111 0.13 0.00 0.15 0.02 3027.  104.  4.8  0.9  22.09 10.58 15.62 10.60  4.03  1.70  5.37
Sp0439-3235  04393407-3235516 4871414343064541824  69.8918530 -32.5976577 15.35 13.44 11.61 11.01 10.63 20.1332  0.0337 0.11 0.00 0.13 0.02 2924.  104.  5.4  1.0   8.22 11.69  5.81 10.65  4.02  1.23  3.82
Sp0446+4844  04461849+4844518 258996015538087680   71.5793797  48.7477206 15.07 13.45 11.56 11.06 10.76 19.3834  0.0457 0.10 0.00 0.13 0.02 2877.  105.  5.7  1.0   8.20 11.60  5.80 10.56  3.87  1.19  3.70
Sp0449+5138  04490464+5138412 260343119139306240   72.2692667  51.6447476 15.94 13.78 11.82 11.10 10.75 18.3582  0.0489 0.10 0.00 0.12 0.01 2817.  105.  6.1  1.0   9.63 14.84  6.81 11.87  4.96  1.53  4.72
Sp0450+2207  04505083+2207224 3412806512623627008  72.7124095  22.1226479 13.36 11.40  9.90  9.31  8.98 12.6502  0.0136 0.15 0.00 0.17 0.02 3110.  104.  4.3  0.8  19.76  8.00 13.97  8.89  3.18  1.40  4.47
Sp0451-5818  04513734-5818519 4774420478143249536  72.9048962 -58.3144561 15.72 13.70 11.69 11.09 10.71 17.4735  0.0280 0.10 0.00 0.12 0.01 2779.  105.  6.3  1.0   9.44 14.31  6.68 11.54  4.73  1.52  4.68
Sp0452-1058  04520400-1058218 3181367767472670080  73.0167225 -10.9727826 14.15 12.05 10.50  9.96  9.61 16.2568  0.0897 0.14 0.00 0.16 0.02 3088.  104.  4.5  0.8  15.07  8.19 10.66  8.96  3.14  1.19  3.78
Sp0452+0930  04522930+0930291 3289877848463999104  73.1221466   9.5080621 14.46 12.80 11.29 10.73 10.45 24.0651  0.0529 0.14 0.00 0.17 0.02 3104.  104.  4.4  0.8   7.03  7.52  4.97  8.41  2.74  0.84  2.64
Sp0457+3331  04570322+3331584 160948234357949952   74.2633383  33.5327298 15.10 13.07 11.40 10.76 10.41 21.1845  0.0463 0.13 0.00 0.15 0.02 3033.  104.  4.8  0.9   8.06  9.93  5.70  9.90  3.56  1.10  3.43
Sp0501+2237  05011802+2237015 3418324583527645440  75.3250511  22.6169209 13.60 11.67 10.16  9.59  9.23 14.3006  0.0225 0.15 0.00 0.17 0.02 3107.  104.  4.3  0.8  17.56  7.93 12.42  8.80  3.12  1.29  4.11
Sp0506+5247  05062489+5247187 266051547290512384   76.6037808  52.7885778 14.38 12.63 11.09 10.51 10.19 20.9772  0.1714 0.14 0.00 0.16 0.02 3089.  104.  4.5  0.8   8.55  8.21  6.05  8.93  3.03  0.99  3.11
Sp0510+2552  05102677+2552475 3420855590574476544  77.6112832  25.8800351 14.37 12.87 11.29 10.68 10.43 21.8214  0.0409 0.13 0.00 0.16 0.02 3071.  104.  4.5  0.8   7.94  8.84  5.61  9.36  3.18  0.98  3.06
Sp0515+5911  05153094+5911184 281261607033049472   78.8794461  59.1881738 15.32 13.22 11.32 10.66 10.32 15.9309  0.0832 0.11 0.00 0.12 0.01 2865.  104.  5.8  1.0  10.83 14.11  7.65 12.01  4.84  1.61  5.01
Sp0516+5640  05165345+5640195 279844370905734144   79.2233092  56.6720048 15.04 13.11 11.17 10.57 10.19 14.5106  0.0240 0.10 0.00 0.12 0.02 2825.  104.  6.0  1.0  11.65 14.52  8.24 12.18  4.93  1.74  5.39
Sp0518-2842  05183663-2842070 2954555801611979648  79.6526228 -28.7018421 14.24 12.48 10.87 10.33 10.01 18.2159  0.0212 0.13 0.00 0.16 0.02 3060.  104.  4.6  0.8  10.34  8.87  7.31  9.42  3.27  1.13  3.54
Sp0527-5129  05273058-5129158 4772342676044749952  81.8772787 -51.4877249 13.73 11.89 10.31  9.80  9.46 14.5639  0.0130 0.14 0.00 0.16 0.02 3072.  104.  4.5  0.8  17.33  8.47 12.26  9.21  3.26  1.29  4.09
Sp0528+0258  05281462+0258098 3235885299189354496  82.0609587   2.9693888 15.20 13.51 11.65 11.19 10.90 21.1988  0.0658 0.11 0.00 0.14 0.02 2897.  106.  5.6  1.0   7.32 10.62  5.18 10.00  3.53  1.05  3.27
Sp0530+2956  05301783+2956253 3446141540516032640  82.5743479  29.9402948 15.39 13.25 11.63 10.94 10.55 23.8551  0.4398 0.13 0.00 0.15 0.02 3055.  105.  4.6  0.8   7.24  9.68  5.12  9.64  3.47  1.03  3.19
Sp0535-0931  05352131-0931067 3013672487388307456  83.8387525  -9.5184787 15.80 13.77 11.82 11.18 10.83 19.1360  0.0488 0.10 0.00 0.12 0.01 2820.  105.  6.1  1.0   8.89 13.69  6.29 11.30  4.55  1.39  4.30
Sp0540+0854  05405390+0854183 3336130626153639424  85.2245721   8.9050702 13.83 12.01 10.46  9.89  9.59 15.6461  0.0186 0.14 0.00 0.16 0.02 3086.  104.  4.5  0.8  16.55  8.47 11.70  9.21  3.25  1.24  3.91
Sp0542-0527  05421271-0527567 3023121827755777280  85.5529005  -5.4654335 13.50 11.88 10.21  9.69  9.37 12.9706  0.0121 0.13 0.00 0.15 0.02 3034.  104.  4.8  0.9  19.52  9.50 13.80  9.92  3.61  1.47  4.67
Sp0551+5511  05512511+5511208 265201384281320448   87.8545231  55.1891197 15.63 13.62 11.74 11.08 10.76 19.6461  0.0521 0.11 0.00 0.13 0.02 2877.  105.  5.7  1.0   8.68 12.96  6.14 11.18  4.37  1.32  4.08
Sp0553-7133  05532643-7133502 4656782698309778432  88.3603332 -71.5638308 14.11 12.18 10.35  9.78  9.36 11.4100  0.0081 0.11 0.00 0.14 0.02 2922.  104.  5.4  1.0  19.84 12.72 14.03 11.65  4.66  1.94  6.10
Sp0556+1546  05560053+1546011 3348805143361118464  89.0021548  15.7669051 14.76 13.19 11.37 10.82 10.51 19.0053  0.0331 0.11 0.00 0.14 0.02 2945.  104.  5.3  0.9   8.59 11.14  6.07 10.56  3.85  1.21  3.77
Sp0556+1144  05565722+1144333 3342958387205080064  89.2385191  11.7425453 13.83 11.99 10.37  9.82  9.50 14.2362  0.0244 0.13 0.00 0.16 0.02 3054.  104.  4.6  0.9  18.28  9.25 12.93  9.74  3.52  1.38  4.36
Sp0557+1708  05571910+1708279 3349802297332186496  89.3297085  17.1409934 15.46 13.74 11.80 11.29 11.00 20.4033  0.0557 0.10 0.00 0.13 0.02 2829.  105.  6.0  1.0   7.84 11.97  5.55 10.47  3.91  1.17  3.63
Sp0557+0048  05574866+0048025 3314939979068074624  89.4527570   0.8006912 15.74 13.74 11.84 11.28 10.90 21.0178  0.0595 0.11 0.00 0.13 0.02 2859.  104.  5.8  1.0   7.79 11.96  5.51 10.47  4.00  1.20  3.70
Sp0602-1001  06020172-1001565 2999321180586629120  90.5072119 -10.0324012 15.79 13.90 11.99 11.38 11.01 21.8728  0.0531 0.11 0.00 0.13 0.02 2854.  104.  5.8  1.0   7.75 12.37  5.48 10.58  4.10  1.20  3.70
Sp0602+4951  06022918+4951561 970354749937140736   90.6218037  49.8655990 12.70 10.88  9.35  8.77  8.44  9.5263  0.0074 0.14 0.00 0.16 0.02 3095.  104.  4.4  0.8  27.25  8.51 19.27  9.28  3.42  1.69  5.44
Sp0602-0915  06025422-0915030 3005440443830195968  90.7259893  -9.2510378 14.62 12.82 10.98 10.40 10.03 15.2576  0.0221 0.11 0.00 0.14 0.02 2923.  104.  5.4  1.0  11.42 12.40  8.08 11.38  4.36  1.54  4.79
Sp0610-3346  06104503-3346226 2886691573123995520  92.6882503 -33.7728929 15.09 13.48 11.52 10.95 10.66 17.0771  0.0239 0.10 0.00 0.13 0.02 2816.  104.  6.1  1.0   9.58 13.62  6.78 11.51  4.51  1.45  4.47
Sp0612-0807  06122246-0807162 3006023219353984256  93.0935235  -8.1211813 14.93 12.71 11.20 10.62 10.27 22.8166  0.0874 0.14 0.00 0.17 0.02 3105.  104.  4.4  0.8   7.66  7.75  5.42  8.54  2.87  0.91  2.87
Sp0613+5317  06131090+5317546 996438498642633472   93.2954720  53.2986101 14.65 12.66 11.16 10.56 10.23 22.5572  0.0436 0.15 0.00 0.17 0.02 3110.  104.  4.3  0.8   7.86  7.70  5.56  8.52  2.86  0.92  2.89
Sp0636+0619  06363696+0619102 3131963480225963392  99.1540251   6.3195296 14.87 12.90 11.24 10.67 10.32 20.5275  0.0399 0.13 0.00 0.15 0.02 3039.  104.  4.7  0.9   8.27  9.37  5.85  9.61  3.37  1.07  3.36
Sp0642-6707  06422703-6707193 5280389615847484416 100.6178398 -67.1221575 14.00 12.46 10.62 10.15  9.81 13.4755  0.0134 0.11 0.00 0.14 0.02 2917.  104.  5.4  1.0  13.74 11.50  9.72 10.95  4.11  1.56  4.90
Sp0643+1631  06431389+1631428 3357958852543597056 100.8077970  16.5285990 15.74 13.78 11.86 11.23 10.86 20.0396  0.0655 0.10 0.00 0.12 0.01 2838.  105.  6.0  1.0   8.44 13.05  5.97 10.98  4.36  1.32  4.07
Sp0646-2150  06464109-2150161 2926033267402660224 101.6711155 -21.8378051 14.86 13.08 11.22 10.67 10.35 16.6540  0.0203 0.11 0.00 0.13 0.02 2898.  104.  5.6  1.0   9.96 12.32  7.05 11.21  4.23  1.40  4.36
Sp0650-2135  06502653-2135576 2926101127885235712 102.6107740 -21.5993405 15.07 13.24 11.51 10.89 10.55 21.5649  0.0392 0.12 0.00 0.14 0.02 3007.  104.  4.9  0.9   7.69 10.22  5.44 10.02  3.60  1.09  3.39
Sp0654-4956  06541877-4956552 5508256047719002240 103.5785511 -49.9486924 14.37 12.71 11.22 10.69 10.39 24.2187  0.0316 0.15 0.00 0.17 0.02 3116.  104.  4.3  0.8   7.01  7.07  4.95  8.09  2.61  0.81  2.56
Sp0659+1920  06592868+1920577 3365063724883180288 104.8703035  19.3488495 12.80 10.81  9.16  8.55  8.23  7.7469  0.0103 0.13 0.00 0.15 0.02 3041.  104.  4.7  0.9  34.72 10.42 24.55 10.60  4.11  2.12  6.83
Sp0659-6144  06595620-6145001 5287046368477870848 104.9832968 -61.7499550 14.56 12.64 11.00 10.41 10.04 18.4911  0.0219 0.13 0.00 0.15 0.02 3048.  104.  4.7  0.9   9.85  9.51  6.96  9.77  3.49  1.18  3.71
Sp0701-1437  07013658-1437185 2948306177526059520 105.4023159 -14.6218465 14.58 12.78 11.25 10.67 10.32 22.9145  0.0486 0.14 0.00 0.16 0.02 3096.  104.  4.4  0.8   7.52  7.95  5.32  8.67  2.93  0.92  2.89
Sp0702+2154  07023044+2154310 3367795633320598528 105.6272128  21.9083255 14.59 12.62 11.14 10.57 10.26 23.2247  0.0680 0.15 0.00 0.17 0.02 3120.  104.  4.3  0.8   7.58  7.18  5.36  8.17  2.67  0.86  2.70
Sp0711-3824  07110095-3824460 5565156633450986752 107.7545394 -38.4129851 14.66 12.94 11.09 10.54 10.23 15.8650  0.0238 0.11 0.00 0.14 0.02 2904.  104.  5.5  1.0  10.59 12.27  7.49 11.26  4.24  1.45  4.51
Sp0716-2011  07161063-2011232 2930012262549006336 109.0444732 -20.1898293 14.58 12.98 11.33 10.80 10.48 21.9037  0.0342 0.13 0.00 0.15 0.02 3043.  104.  4.7  0.9   7.52  8.89  5.32  9.31  3.17  0.97  3.05
Sp0718-3502  07180734-3502209 5590736084278574464 109.5304461 -35.0391616 14.54 12.29 10.73 10.17  9.79 17.6171  0.0386 0.14 0.00 0.16 0.02 3080.  104.  4.5  0.8  11.75  8.45  8.31  9.10  3.20  1.16  3.64
Sp0723-8015  07235966-8015179 5207997014358306816 110.9896373 -80.2550106 15.04 13.24 11.30 10.82 10.44 16.3198  0.0258 0.10 0.00 0.13 0.02 2826.  105.  6.0  1.0   9.71 12.75  6.87 11.14  4.30  1.45  4.51
Sp0730-2831  07300205-2831032 5611909104822545152 112.5084079 -28.5175414 13.97 12.13 10.63 10.07  9.75 18.0301  0.0228 0.15 0.00 0.17 0.02 3111.  104.  4.3  0.8  12.60  7.62  8.91  8.55  2.92  1.07  3.38
Sp0731+0249  07312949+0249084 3136232952593850496 112.8728990   2.8190179 14.84 12.98 11.17 10.64 10.24 17.6570  0.0396 0.12 0.00 0.14 0.02 2951.  104.  5.2  0.9   9.34 11.02  6.60 10.51  3.89  1.30  4.05
Sp0735+1000  07350593+1000283 3149589510609268352 113.7746714  10.0078528 14.45 12.72 11.18 10.62 10.33 22.1604  0.0668 0.14 0.00 0.16 0.02 3092.  104.  4.4  0.8   7.85  7.97  5.55  8.76  2.92  0.92  2.90
Sp0738+1829  07385081+1829205 671436777166606976  114.7117615  18.4889502 14.37 12.31 10.79 10.15  9.81 18.3482  0.0577 0.14 0.00 0.16 0.02 3104.  104.  4.4  0.8  11.50  8.43  8.13  9.09  3.21  1.14  3.59
Sp0741+1738  07410681+1738459 671143035762692352  115.2782470  17.6457904 16.09 14.09 12.01 11.35 10.94 18.6577  0.0786 0.10 0.00 0.11 0.01 2733.  105.  6.7  1.0   7.96 15.13  5.63 11.51  4.91  1.52  4.69
Sp0753-1012  07531346-1012174 3037592156694079744 118.3061797 -10.2049303 14.79 13.06 11.41 10.89 10.60 22.9493  0.0495 0.13 0.00 0.16 0.02 3044.  104.  4.7  0.9   7.05  8.64  4.99  9.13  3.05  0.92  2.87
Sp0754-3809  07545484-3809381 5538156819768871552 118.7284215 -38.1604938 13.53 11.58 10.01  9.42  9.08 12.4682  0.0135 0.14 0.00 0.16 0.02 3081.  104.  4.5  0.8  20.55  8.97 14.53  9.57  3.50  1.51  4.79
Sp0801+5624  08012112+5624042 1081127557137725696 120.3379788  56.4011159 15.45 13.56 11.77 11.16 10.83 22.8808  0.0498 0.12 0.00 0.14 0.02 2965.  104.  5.2  0.9   7.20 10.73  5.09 10.14  3.66  1.06  3.28
Sp0805+0417  08055713+0417035 3094447525008511488 121.4880827   4.2843320 15.61 13.73 11.88 11.22 10.87 21.9999  0.0631 0.11 0.00 0.13 0.02 2916.  104.  5.5  1.0   7.78 12.06  5.50 10.69  4.07  1.18  3.66
Sp0821+1748  08215702+1748558 656328319169788032  125.4871212  17.8155779 14.11 12.50 10.90 10.32 10.04 18.2663  0.0346 0.13 0.00 0.16 0.02 3065.  104.  4.6  0.8  10.41  9.08  7.36  9.59  3.34  1.14  3.57
Sp0822-5726  08224787-5726451 5315595737654226560 125.6981009 -57.4458664 13.90 11.97 10.26  9.74  9.35 12.8980  0.0130 0.13 0.00 0.15 0.02 3016.  104.  4.8  0.9  19.75  9.91 13.97 10.10  3.76  1.54  4.87
Sp0825+6902  08255285+6902016 1097353325106843264 126.4647623  69.0336579 13.66 11.62 10.08  9.50  9.16 13.2214  0.1022 0.14 0.00 0.16 0.02 3092.  104.  4.4  0.8  19.23  8.52 13.60  9.26  3.34  1.41  4.48
Sp0830-0413  08304629-0413405 3065768550901629056 127.6928963  -4.2279012 14.52 12.76 11.24 10.69 10.38 23.4500  0.0465 0.14 0.00 0.17 0.02 3102.  104.  4.4  0.8   7.26  7.57  5.13  8.44  2.78  0.87  2.72
Sp0832-0134  08323047-0134380 3073118648694573312 128.1270126  -1.5773738 15.88 14.08 12.04 11.48 11.14 20.3368  0.0520 0.10 0.00 0.12 0.01 2756.  104.  6.5  1.0   7.13 13.23  5.04 10.68  4.23  1.27  3.92
Sp0833-5336  08334323-5336417 5321049521489667328 128.4292204 -53.6114546 16.13 14.02 12.02 11.35 10.97 19.8059  0.0385 0.10 0.00 0.12 0.01 2783.  105.  6.3  1.0   8.41 14.24  5.94 11.26  4.67  1.41  4.34
Sp0838-5855  08380224-5855583 5302788969813884160 129.5087987 -58.9328887 14.41 12.15 10.31  9.71  9.27 11.0966  0.0277 0.12 0.00 0.13 0.02 2924.  104.  5.4  1.0  21.26 13.06 15.04 11.83  4.80  2.03  6.39
Sp0840-4044  08400174-4044309 5528315778376852224 130.0068704 -40.7418843 14.52 12.66 11.19 10.64 10.25 24.0761  0.0649 0.15 0.00 0.17 0.02 3122.  104.  4.3  0.8   7.14  6.98  5.05  7.94  2.61  0.84  2.64
Sp0841+3611  08410779+3611321 717602487277224320  130.2826029  36.1920448 15.95 13.97 12.02 11.42 11.06 21.4002  0.0704 0.10 0.00 0.12 0.01 2823.  105.  6.0  1.0   7.92 12.69  5.60 10.62  4.18  1.23  3.79
Sp0841+5929  08412013+5929505 1040827088726734976 130.3327828  59.4973458 13.11 11.27  9.62  9.00  8.67  9.4816  0.0090 0.13 0.00 0.15 0.02 3038.  104.  4.7  0.9  27.42 10.49 19.39 10.60  4.09  1.94  6.18
Sp0848+6109  08482967+6109057 1041395708035677312 132.1255118  61.1516049 13.67 12.11 10.61 10.03  9.77 17.6707  0.0202 0.14 0.00 0.17 0.02 3111.  104.  4.3  0.8  13.24  7.75  9.36  8.71  2.97  1.08  3.41
Sp0849+3936  08490865+3936263 912087093295958144  132.2856116  39.6073255 14.02 12.15 10.58 10.02  9.64 16.4624  0.0218 0.14 0.00 0.16 0.02 3081.  104.  4.5  0.8  13.88  8.55  9.81  9.18  3.27  1.22  3.87
Sp0854-0805  08541227-0804594 5756746775106229120 133.5514559  -8.0833980 15.00 13.45 11.56 11.08 10.81 19.5004  0.0342 0.10 0.00 0.14 0.02 2872.  104.  5.7  1.0   8.06 11.41  5.70 10.46  3.78  1.16  3.60
Sp0858+0758  08583481+0758555 585008772310106496  134.6450811   7.9821150 15.22 13.42 11.64 11.08 10.71 22.8114  0.0576 0.12 0.00 0.14 0.02 2988.  105.  5.0  0.9   7.02 10.01  4.96  9.77  3.47  1.02  3.18
Sp0904-1219  09044018-1219116 5736025550767699968 136.1674644 -12.3200527 13.97 12.29 10.75 10.20  9.89 18.2437  0.0246 0.14 0.00 0.17 0.02 3090.  104.  4.4  0.8  11.25  8.09  7.95  8.91  3.05  1.08  3.40
Sp0914-4134  09141746-4134383 5427791278545931264 138.5718252 -41.5771807 13.27 11.58  9.98  9.42  9.12 12.1265  0.0099 0.13 0.00 0.16 0.02 3066.  104.  4.6  0.8  20.90  9.13 14.78  9.73  3.54  1.52  4.83
Sp0917+5825  09174599+5825224 1038195201485531776 139.4417231  58.4226243 13.52 11.74 10.26  9.70  9.40 15.5648  0.0161 0.15 0.00 0.17 0.02 3121.  104.  4.3  0.8  15.94  7.39 11.27  8.44  2.90  1.16  3.68
Sp0918+2645  09184142+2645526 694744465169442816  139.6724828  26.7645222 14.72 12.72 11.27 10.62 10.29 24.7916  0.0694 0.16 0.00 0.17 0.02 3135.  104.  4.2  0.8   7.01  7.12  4.96  8.04  2.66  0.84  2.64
Sp0920+2643  09202188+2643434 694072869723271296  140.0918296  26.7286173 14.10 12.79 11.07 10.57 10.29 18.7790  0.0362 0.12 0.00 0.15 0.02 3013.  104.  4.9  0.9   8.92  9.53  6.31  9.83  3.39  1.10  3.46
Sp0922-0852  09221688-0852105 5744451451968477952 140.5703436  -8.8696199 15.47 13.72 11.84 11.20 10.86 20.7947  0.0807 0.11 0.00 0.13 0.02 2879.  104.  5.7  1.0   8.15 12.50  5.77 10.87  4.19  1.24  3.84
Sp0922-1547  09224626-1547235 5683119044103789440 140.6930796 -15.7899846 14.32 12.54 10.96 10.39 10.05 19.3282  0.0301 0.14 0.00 0.16 0.02 3077.  104.  4.5  0.8   9.65  8.65  6.82  9.24  3.20  1.08  3.40
Sp0929+2558  09291113+2558095 646076953786745472  142.2956534  25.9692437 14.42 12.55 10.91 10.31  9.96 17.6070  0.0304 0.13 0.00 0.15 0.02 3046.  104.  4.7  0.9  10.69  9.66  7.56  9.90  3.56  1.23  3.87
Sp0933-4353  09332510-4353384 5424690587034891264 143.3542654 -43.8939679 15.42 13.44 11.54 10.88 10.52 17.5081  0.0326 0.11 0.00 0.12 0.01 2860.  104.  5.8  1.0   9.74 13.71  6.89 11.62  4.68  1.50  4.64
Sp0933-4353  09332625-4353366 5424690587034982144 143.3590158 -43.8934670 15.36 13.37 11.48 10.83 10.43 17.5476  0.0313 0.11 0.00 0.13 0.02 2879.  104.  5.7  1.0   9.71 13.37  6.86 11.50  4.61  1.49  4.62
Sp0939+2943  09392335+2943271 696501553469122304  144.8468649  29.7241988 15.93 14.03 11.98 11.42 11.07 19.7415  0.0580 0.10 0.00 0.12 0.01 2754.  105.  6.5  1.0   7.94 13.62  5.61 10.93  4.35  1.32  4.07
Sp0943-3833  09432994-3833560 5432670704985289088 145.8746750 -38.5655861 14.73 12.88 10.90 10.37 10.03 12.8539  0.0160 0.10 0.00 0.13 0.02 2801.  104.  6.2  1.0  13.12 14.64  9.28 12.35  4.93  1.84  5.72
Sp0953+2056  09535523+2056460 628080246633611520  148.4797804  20.9463334 12.38 10.67  9.21  8.60  8.33  9.5618  0.0110 0.15 0.00 0.17 0.02 3127.  104.  4.2  0.8  27.63  7.59 19.54  8.64  3.09  1.56  5.04
Sp0956-4234  09563699-4234273 5418335478542731136 149.1547806 -42.5743869 14.22 12.76 10.99 10.47 10.21 17.2335  0.0207 0.12 0.00 0.15 0.02 2988.  104.  5.0  0.9   9.82 10.33  6.94 10.36  3.65  1.22  3.81
Sp0958-5344  09584191-5344477 5404351271207811968 149.6754510 -53.7466259 15.65 13.78 11.89 11.29 10.99 21.6103  0.0433 0.11 0.00 0.13 0.02 2877.  105.  5.7  1.0   7.75 12.07  5.48 10.62  3.99  1.16  3.59
Sp1006-1653  10063197-1653266 5673602319993218560 151.6330507 -16.8906416 16.18 14.05 12.04 11.39 10.99 20.0339  0.0591 0.10 0.00 0.12 0.01 2777.  104.  6.4  1.0   7.91 13.93  5.59 11.05  4.59  1.39  4.27
Sp1016+2751  10163470+2751497 740931340878555904  154.1443543  27.8635625 16.13 13.96 11.99 11.33 10.96 20.1689  0.0581 0.10 0.00 0.12 0.01 2806.  104.  6.2  1.0   8.57 13.77  6.06 11.15  4.54  1.36  4.20
Sp1018-1143  10183622-1143018 3767281639714811648 154.6508174 -11.7172766 14.49 12.61 11.08 10.58 10.22 22.0410  0.0549 0.14 0.00 0.17 0.02 3098.  104.  4.4  0.8   7.91  7.46  5.59  8.37  2.76  0.90  2.83
Sp1025+0512  10252645+0512391 3860610076465867520 156.3602132   5.2108351 15.51 13.51 11.71 11.14 10.79 22.9245  0.0591 0.12 0.00 0.14 0.02 2972.  104.  5.1  0.9   7.05 10.33  4.99  9.92  3.55  1.03  3.21
Sp1031-5338  10313234-5338010 5357078043648622976 157.8835530 -53.6336161 15.47 13.71 11.84 11.31 10.99 22.0958  0.0443 0.11 0.00 0.13 0.02 2887.  104.  5.6  1.0   7.29 11.18  5.15 10.16  3.70  1.08  3.34
Sp1034+4618  10342590+4618226 830705297057680640  158.6069665  46.3062418 14.60 12.73 11.27 10.64 10.32 24.2741  0.0839 0.15 0.00 0.17 0.02 3124.  104.  4.3  0.8   7.15  7.34  5.06  8.23  2.73  0.85  2.68
Sp1035-0732  10350789-0732357 3774703583720247552 158.7828481  -7.5433442 14.53 12.68 11.19 10.64 10.36 23.7096  0.0548 0.14 0.00 0.17 0.02 3116.  104.  4.3  0.8   7.24  7.16  5.12  8.17  2.64  0.83  2.61
Sp1035-2058  10352029-2058382 5475243898288297088 158.8344634 -20.9773094 15.43 13.45 11.66 11.10 10.72 22.6095  0.0834 0.12 0.00 0.14 0.02 2976.  104.  5.1  0.9   7.10 10.20  5.02  9.85  3.54  1.04  3.25
Sp1036+1923  10360869+1923314 3987041475434695936 159.0363748  19.3918484 15.11 13.15 11.30 10.71 10.34 17.2763  0.0406 0.11 0.00 0.13 0.02 2911.  104.  5.5  1.0   9.71 12.38  6.86 11.18  4.29  1.41  4.38
Sp1037+3011  10372897+3011117 735453264711448064  159.3697580  30.1863302 15.46 13.75 11.79 11.29 10.97 19.9965  0.0547 0.10 0.00 0.13 0.02 2816.  104.  6.1  1.0   7.97 12.20  5.63 10.54  3.98  1.21  3.74
Sp1038-4933  10381517-4933446 5363990535794423680 159.5625329 -49.5623680 13.52 11.87 10.31  9.72  9.43 14.4556  0.0152 0.14 0.00 0.16 0.02 3085.  104.  4.5  0.8  18.00  8.73 12.73  9.42  3.37  1.33  4.22
Sp1039-3820  10393240-3820020 5441169002153568512 159.8846045 -38.3340323 14.27 12.54 10.85 10.30 10.00 16.8987  0.0216 0.12 0.00 0.15 0.02 3025.  104.  4.8  0.9  10.92  9.78  7.72 10.02  3.57  1.24  3.89
Sp1041-3111  10414398-3111542 5454284595324061312 160.4336146 -31.1984381 14.46 12.71 11.04 10.45 10.16 18.3288  0.0323 0.12 0.00 0.15 0.02 3034.  104.  4.8  0.9   9.76  9.92  6.90 10.10  3.58  1.18  3.71
Sp1044-6112  10442131-6112384 5254061535097566848 161.0868670 -61.2097954 11.86 10.38  8.49  8.05  7.73  4.8333  0.0019 0.11 0.00 0.14 0.02 2872.  105.  5.7  1.0  58.02 12.84 41.03 11.88  4.82  2.89  9.35
Sp1044-1838  10442927-1838063 3555173782156353536 161.1214950 -18.6353283 13.07 11.65 10.06  9.55  9.29 12.9278  0.0218 0.13 0.00 0.16 0.02 3068.  104.  4.6  0.8  19.16  8.60 13.54  9.40  3.32  1.38  4.38
Sp1045+4941  10451481+4941301 835748825612078848  161.3117291  49.6916572 14.35 12.79 11.12 10.54 10.22 19.2356  0.3291 0.13 0.00 0.15 0.02 3037.  105.  4.7  0.9   9.10  9.68  6.44  9.88  3.50  1.14  3.57
Sp1049-0108  10490970-0108122 3803094829375222144 162.2904571  -1.1367472 14.47 12.64 11.12 10.61 10.22 22.5843  0.0533 0.15 0.00 0.17 0.02 3102.  104.  4.4  0.8   7.65  7.37  5.41  8.27  2.74  0.89  2.80
Sp1051-4841  10513760-4841523 5362775747244035968 162.9044428 -48.6977911 15.13 13.36 11.58 11.03 10.69 22.0841  0.0428 0.12 0.00 0.14 0.02 2982.  104.  5.0  0.9   7.23 10.07  5.11  9.86  3.49  1.04  3.23
Sp1055-7356  10551532-7356091 5225863906515477376 163.8156192 -73.9358376 14.74 12.43 10.63 10.05  9.67 13.6893  0.1068 0.12 0.00 0.14 0.02 2964.  105.  5.2  0.9  14.35 11.73 10.15 11.12  4.29  1.63  5.12
Sp1103+2417  11035418+2417483 3995235242243230208 165.9752060  24.2965639 14.97 13.07 11.43 10.83 10.50 22.3954  0.0522 0.13 0.00 0.15 0.02 3047.  104.  4.7  0.9   7.49  9.24  5.29  9.48  3.30  1.00  3.13
Sp1105-2212  11050685-2212520 3539057213728669184 166.2785464 -22.2145303 14.09 12.32 10.70 10.14  9.82 16.6282  0.0219 0.13 0.00 0.16 0.02 3057.  104.  4.6  0.8  12.33  9.14  8.72  9.62  3.42  1.23  3.88
Sp1105+3213  11053346+3213525 734010018261191552  166.3895460  32.2313085 14.85 13.18 11.41 10.81 10.50 20.2429  0.0371 0.12 0.00 0.14 0.02 2991.  104.  5.0  0.9   8.13 10.56  5.75 10.27  3.70  1.14  3.55
Sp1108+3955  11084947+3955129 765038614353808768  167.2055821  39.9201849 14.14 12.32 10.75 10.17  9.84 17.5732  0.0353 0.14 0.00 0.16 0.02 3080.  104.  4.5  0.8  11.73  8.65  8.30  9.28  3.26  1.16  3.66
Sp1119+4641  11193058+4641437 788357434913891712  169.8781499  46.6953156 13.68 11.91 10.09  9.53  9.20 10.4824  0.0437 0.11 0.00 0.14 0.02 2942.  104.  5.3  0.9  24.81 12.21 17.54 11.52  4.51  1.95  6.16
Sp1122-3205  11224253-3205398 5403099064875400064 170.6773301 -32.0945492 14.46 12.58 11.04 10.52 10.17 20.9776  0.0481 0.14 0.00 0.17 0.02 3088.  104.  4.5  0.8   8.48  7.88  6.00  8.68  2.91  0.96  3.02
Sp1122+3755  11224274+3755484 763973668623022464  170.6785184  37.9301020 14.99 13.10 11.28 10.64 10.32 17.6667  0.0358 0.11 0.00 0.13 0.02 2950.  104.  5.2  0.9   9.69 12.08  6.85 11.15  4.23  1.37  4.26
Sp1123-0509  11231964-0509045 3786550031235785344 170.8318506  -5.1513304 15.59 13.64 11.79 11.17 10.84 21.3520  0.0557 0.11 0.00 0.13 0.02 2912.  104.  5.5  1.0   7.87 11.89  5.56 10.66  4.01  1.18  3.65
Sp1124-4213  11243908-4213114 5383082833650178816 171.1626117 -42.2198429 15.49 13.77 11.82 11.30 10.92 20.2356  0.0370 0.10 0.00 0.13 0.02 2820.  104.  6.1  1.0   7.93 12.20  5.61 10.49  4.03  1.23  3.80
Sp1124+1322  11245327+1322533 3965764619767224832 171.2219398  13.3813620 14.52 12.64 11.04 10.38 10.07 18.9497  0.0420 0.13 0.00 0.15 0.02 3068.  104.  4.6  0.8   9.91  9.56  7.01  9.84  3.51  1.17  3.67
Sp1132-1319  11320850-1319223 3561220000891316736 173.0353788 -13.3228459 14.17 12.40 10.91 10.34 10.04 20.6045  0.0380 0.15 0.00 0.17 0.02 3115.  104.  4.3  0.8   9.34  7.49  6.61  8.45  2.82  0.95  3.01
Sp1145-2021  11453539-2021049 3542490095189650560 176.3975330 -20.3513627 15.53 13.65 11.73 11.12 10.78 19.2881  0.0401 0.10 0.00 0.13 0.02 2850.  105.  5.9  1.0   8.70 13.01  6.15 11.11  4.36  1.33  4.13
Sp1147+0015  11474209+0015061 3795993633527490304 176.9254030   0.2516799 14.84 12.93 11.19 10.61 10.23 18.8414  0.0418 0.12 0.00 0.15 0.02 3005.  104.  4.9  0.9   8.99 10.34  6.36 10.20  3.71  1.21  3.78
Sp1147+7426  11475067+7426430 1076298880025346560 176.9562233  74.4452999 14.56 12.77 11.26 10.68 10.36 23.3264  0.0372 0.14 0.00 0.17 0.02 3103.  104.  4.4  0.8   7.39  7.77  5.23  8.57  2.85  0.89  2.79
Sp1148-3809  11482591-3809278 3463299110228918272 177.1080034 -38.1577362 14.64 12.60 11.12 10.50 10.18 22.6709  0.0489 0.15 0.00 0.17 0.02 3123.  104.  4.3  0.8   7.98  7.46  5.64  8.35  2.79  0.91  2.85
Sp1151-0131  11515529-0131319 3794437034301022720 177.9804206  -1.5256178 13.89 12.04 10.54  9.99  9.64 17.4526  0.0330 0.15 0.00 0.17 0.02 3114.  104.  4.3  0.8  14.05  7.52  9.94  8.47  2.91  1.09  3.46
Sp1153+0659  11535267+0659561 3899128064731508736 178.4694894   6.9989606 15.30 13.22 11.26 10.66 10.26 14.8667  0.0336 0.10 0.00 0.12 0.01 2809.  105.  6.1  1.0  11.21 14.62  7.93 12.10  4.95  1.73  5.35
Sp1157-0149  11574552-0149023 3602406744394215936 179.4398056  -1.8174177 14.25 12.43 10.90 10.35 10.02 19.9100  0.0454 0.14 0.00 0.17 0.02 3098.  104.  4.4  0.8   9.57  7.87  6.77  8.71  2.95  1.00  3.16
Sp1159+2105  11595905+2105029 3999645142864600320 179.9960064  21.0841235 14.88 13.23 11.42 10.92 10.64 20.1874  0.0495 0.11 0.00 0.14 0.02 2954.  104.  5.2  0.9   7.83 10.33  5.54 10.09  3.54  1.08  3.38
Sp1205-1849  12054662-1849315 3518918112077486720 181.4442763 -18.8255889 14.50 12.71 11.20 10.63 10.32 22.8650  0.0446 0.14 0.00 0.17 0.02 3103.  104.  4.4  0.8   7.60  7.69  5.37  8.53  2.83  0.89  2.81
Sp1208-2101  12081824-2101049 3517619520125627904 182.0760503 -21.0181527 14.57 12.88 11.12 10.56 10.23 18.1957  0.0348 0.12 0.00 0.15 0.02 2995.  104.  5.0  0.9   9.22 10.35  6.52 10.26  3.68  1.21  3.79
Sp1208-1133  12084374-1133446 3574445407785255296 182.1823609 -11.5625400 14.45 12.76 11.00 10.48 10.18 17.5663  0.0383 0.12 0.00 0.15 0.02 2997.  104.  5.0  0.9   9.66 10.13  6.83 10.19  3.60  1.21  3.79
Sp1209+4735  12090663+4735348 1545970149597276160 182.2788241  47.5930504 14.37 12.59 11.10 10.52 10.22 22.2676  0.0453 0.14 0.00 0.17 0.02 3113.  104.  4.3  0.8   8.05  7.50  5.69  8.43  2.78  0.90  2.83
Sp1210-3158  12101156-3158235 3472374376124622336 182.5477942 -31.9732049 14.51 12.65 11.11 10.53 10.22 21.2900  0.0371 0.14 0.00 0.16 0.02 3091.  104.  4.4  0.8   8.40  8.15  5.94  8.88  3.00  0.97  3.06
Sp1214-4603  12144002-4603141 6143501502007380608 183.6652124 -46.0539709 13.80 11.81 10.32  9.75  9.44 15.6329  0.0231 0.15 0.00 0.17 0.02 3113.  104.  4.3  0.8  16.13  7.68 11.40  8.64  3.00  1.18  3.76
Sp1218+1107  12185939+1107338 3907283967108054528 184.7473949  11.1260473 11.94 10.04  8.53  7.88  7.57  6.4687  0.0048 0.14 0.00 0.16 0.02 3105.  104.  4.4  0.8  55.39  8.74 39.16  9.47  3.57  2.01  6.58
Sp1221+3038  12212673+3038376 4015042738059517568 185.3612261  30.6437867 13.46 11.69 10.06  9.45  9.17 11.9918  0.0123 0.13 0.00 0.15 0.02 3052.  104.  4.7  0.9  21.70  9.88 15.34 10.23  3.80  1.61  5.09
Sp1223-0858  12235208-0858432 3582675080520660992 185.9669766  -8.9787505 15.70 13.88 11.86 11.31 10.96 19.1048  0.0447 0.10 0.00 0.12 0.01 2767.  105.  6.4  1.0   8.46 13.39  5.98 10.94  4.33  1.34  4.13
Sp1223-2757  12235633-2757468 3474993275382942208 185.9834033 -27.9629161 15.80 13.94 11.98 11.40 11.07 20.9845  0.0600 0.10 0.00 0.12 0.02 2812.  104.  6.1  1.0   7.94 12.71  5.62 10.67  4.13  1.22  3.77
Sp1225+2323  12250105+2323175 3953845192168088576 186.2542524  23.3880913 14.75 13.18 11.46 10.92 10.62 21.9520  0.0422 0.12 0.00 0.15 0.02 3011.  104.  4.9  0.9   7.33  9.51  5.18  9.64  3.32  1.00  3.11
Sp1225-1559  12253211-1559418 3521407509481957120 186.3833052 -15.9949487 13.35 11.45  9.95  9.36  9.00 12.9318  0.0213 0.15 0.00 0.17 0.02 3109.  104.  4.3  0.8  19.38  8.03 13.70  8.88  3.19  1.39  4.44
Sp1228-7127  12284295-7127553 5843144887000900992 187.1752345 -71.4656821 14.07 12.50 10.98 10.50 10.18 21.3255  0.0251 0.14 0.00 0.17 0.02 3099.  104.  4.4  0.8   8.40  7.31  5.94  8.32  2.71  0.90  2.82
Sp1229+0752  12294530+0752379 3901165013100805248 187.4387777   7.8771646 15.84 14.08 12.06 11.47 11.09 20.7377  0.0720 0.10 0.00 0.12 0.01 2776.  105.  6.4  1.0   7.17 13.18  5.07 10.64  4.32  1.29  3.98
Sp1230-3124  12301592-3124048 3470386321662727040 187.5662362 -31.4013168 15.08 13.04 11.38 10.76 10.39 21.3098  0.0559 0.13 0.00 0.15 0.02 3037.  104.  4.7  0.9   7.98  9.73  5.64  9.77  3.50  1.09  3.39
Sp1231-1529  12311620-1529495 3526709869947149440 187.8175600 -15.4971523 14.25 12.47 10.99 10.40 10.10 21.4241  0.0370 0.15 0.00 0.17 0.02 3119.  104.  4.3  0.8   8.74  7.42  6.18  8.38  2.78  0.93  2.92
Sp1232+2528  12322390+2528259 3960456315067417600 188.0997027  25.4738772 15.47 13.55 11.71 11.09 10.78 20.6999  0.0566 0.11 0.00 0.13 0.02 2914.  105.  5.5  1.0   8.04 11.84  5.69 10.70  4.00  1.19  3.70
Sp1232-1530  12324445-1530545 3526665614604204160 188.1851827 -15.5152016 14.89 13.02 11.38 10.85 10.46 22.7293  0.0577 0.13 0.00 0.16 0.02 3050.  104.  4.7  0.9   7.21  8.67  5.09  9.07  3.12  0.96  3.00
Sp1237-3527  12372612-3527172 6157380018807576192 189.3590012 -35.4547707 14.66 12.96 11.26 10.69 10.38 20.0588  0.0414 0.12 0.00 0.15 0.02 3021.  104.  4.8  0.9   8.38  9.82  5.93  9.92  3.49  1.10  3.44
Sp1239-2658  12393641-2658111 3496355755520065408 189.9015118 -26.9697120 13.42 11.85 10.04  9.58  9.23 10.9665  0.0116 0.12 0.00 0.15 0.02 2958.  104.  5.2  0.9  22.52 10.87 15.92 10.73  4.04  1.75  5.53
Sp1239+0410  12394672+0410471 3707083515533601280 189.9447112   4.1798817 14.78 12.57 11.07 10.44 10.04 21.2580  0.0696 0.15 0.00 0.16 0.02 3110.  104.  4.3  0.8   8.73  8.01  6.17  8.70  3.01  1.01  3.17
Sp1245-5721  12451698-5721348 6060965630906108672 191.3200945 -57.3596585 15.42 13.59 11.71 11.09 10.71 19.8371  0.0375 0.11 0.00 0.13 0.02 2884.  104.  5.7  1.0   8.46 12.51  5.98 10.94  4.25  1.30  4.01
Sp1245-7040  12452918-7040051 5843101456298985984 191.3722525 -70.6681201 14.30 12.58 11.08 10.49 10.17 21.9922  0.0286 0.15 0.00 0.17 0.02 3113.  104.  4.3  0.8   8.24  7.61  5.83  8.48  2.84  0.93  2.92
Sp1246+0706  12460939+0706248 3709637096929192960 191.5392483   7.1069183 15.45 13.46 11.64 11.02 10.63 20.7204  0.0489 0.12 0.00 0.13 0.02 2941.  104.  5.3  0.9   8.04 11.52  5.68 10.57  3.98  1.21  3.74
Sp1250-2121  12505265-2121136 3502592975744957824 192.7195204 -21.3537797 15.37 12.94 11.16 10.55 10.13 17.8055  0.0806 0.12 0.00 0.14 0.02 2985.  104.  5.0  0.9   9.58 11.11  6.78 10.60  3.99  1.34  4.17
Sp1253+5411  12534836+5411109 1570296397685102848 193.4510395  54.1863235 14.62 12.76 11.29 10.66 10.39 24.5231  0.0463 0.15 0.00 0.17 0.02 3125.  104.  4.3  0.8   7.05  7.34  4.99  8.26  2.71  0.84  2.63
Sp1254+4459  12543209+4459351 1530331933155079808 193.6325912  44.9931025 14.18 12.45 10.87 10.30  9.99 18.5337  0.0269 0.13 0.00 0.16 0.02 3076.  104.  4.5  0.8  10.40  8.68  7.35  9.30  3.23  1.11  3.49
Sp1255-5928  12551214-5928172 6056881391901174528 193.8006939 -59.4714207 14.86 12.96 11.15 10.58 10.21 17.2403  0.0261 0.12 0.00 0.14 0.02 2952.  104.  5.2  0.9   9.77 11.46  6.91 10.80  4.04  1.35  4.22
Sp1259+0743  12592403+0743551 3730621070186855424 194.8501209   7.7318994 14.11 12.27 10.74 10.16  9.84 18.1712  0.0268 0.14 0.00 0.16 0.02 3096.  104.  4.4  0.8  11.54  8.15  8.16  8.93  3.09  1.10  3.47
Sp1300+3038  13000747+3038560 1464745617881550208 195.0307351  30.6490747 15.53 13.82 11.89 11.30 11.01 20.6199  0.0359 0.10 0.00 0.13 0.02 2837.  104.  6.0  1.0   8.11 12.64  5.73 10.81  4.13  1.22  3.77
Sp1306+3050  13065025+3050549 1466009540856759680 196.7097346  30.8483259 13.63 11.76 10.23  9.62  9.31 14.0886  0.0135 0.14 0.00 0.16 0.02 3095.  104.  4.4  0.8  18.39  8.58 13.00  9.31  3.34  1.35  4.30
Sp1307+3325  13072896+3325081 1467644789524975232 196.8707812  33.4189308 14.78 13.20 11.43 10.92 10.61 21.3843  0.0371 0.12 0.00 0.15 0.02 2994.  104.  5.0  0.9   7.39  9.67  5.23  9.72  3.37  1.02  3.19
Sp1311+2832  13112163+2832419 1461049369026235904 197.8398372  28.5448720 14.12 12.39 10.84 10.27  9.97 18.6910  0.0242 0.14 0.00 0.16 0.02 3087.  104.  4.5  0.8  10.54  8.36  7.45  9.09  3.13  1.08  3.40
Sp1314+6622  13142389+6622328 1678489647527832320 198.5967896  66.3757677 15.12 13.29 11.43 10.83 10.51 17.9990  0.0280 0.11 0.00 0.13 0.02 2899.  104.  5.6  1.0   9.24 12.43  6.54 11.14  4.26  1.35  4.20
Sp1320-0356  13202705-0356147 3636256549884389248 200.1124962  -3.9373931 14.34 12.87 11.28 10.77 10.48 22.5743  0.0507 0.13 0.00 0.16 0.02 3066.  104.  4.6  0.8   7.32  8.15  5.17  8.86  2.92  0.90  2.82
Sp1322+3902  13221937+3902389 1476452702297817728 200.5807728  39.0439181 15.23 13.44 11.63 11.04 10.73 21.6084  0.0404 0.12 0.00 0.14 0.02 2962.  104.  5.2  0.9   7.57 10.80  5.35 10.25  3.70  1.10  3.40
Sp1332+4240  13324830+4240274 1501343790124237312 203.2011379  42.6743387 14.97 13.30 11.52 10.95 10.65 21.3712  0.0404 0.12 0.00 0.14 0.02 2984.  104.  5.0  0.9   7.57 10.32  5.35 10.07  3.58  1.07  3.33
Sp1335+4021  13355969+4021459 1500826882220275712 203.9987734  40.3627763 14.65 12.70 11.21 10.65 10.30 23.5921  0.0522 0.15 0.00 0.17 0.02 3113.  104.  4.3  0.8   7.30  7.35  5.16  8.24  2.72  0.86  2.72
Sp1346-3149  13464607-3149258 6171593062022433920 206.6916007 -31.8237581 14.85 12.92 10.97 10.44 10.04 13.6405  0.0295 0.10 0.00 0.13 0.02 2824.  105.  6.0  1.0  12.36 14.12  8.74 12.06  4.81  1.77  5.51
Sp1348+2336  13481341+2336486 1251824607045654016 207.0553009  23.6135289 13.47 11.76 10.08  9.51  9.18 11.8678  0.0110 0.13 0.00 0.15 0.02 3032.  104.  4.8  0.9  21.75 10.16 15.38 10.36  3.89  1.65  5.22
Sp1350+6225  13505739+6225070 1664668614567744384 207.7370512  62.4185956 14.37 12.72 11.21 10.71 10.41 23.9195  0.0355 0.14 0.00 0.17 0.02 3107.  104.  4.3  0.8   7.02  7.13  4.96  8.15  2.61  0.81  2.56
Sp1352+6649  13525060+6649064 1672538231604762624 208.2073967  66.8183351 13.91 12.09 10.54  9.95  9.65 16.2307  0.0162 0.14 0.00 0.16 0.02 3089.  104.  4.5  0.8  14.89  8.50 10.53  9.22  3.25  1.22  3.84
Sp1356+4342  13564148+4342587 1502523188143833088 209.1720179  43.7164399 15.84 13.57 11.71 11.04 10.65 19.9510  0.2442 0.11 0.00 0.13 0.02 2904.  105.  5.5  1.0   8.57 12.65  6.06 11.05  4.34  1.32  4.10
Sp1358-3937  13580529-3937545 6114232433761438208 209.5247525 -39.6319826 12.64 11.27  9.72  9.23  8.95 11.5456  0.0096 0.14 0.00 0.17 0.02 3087.  104.  4.5  0.8  21.07  8.06 14.90  9.01  3.18  1.43  4.58
Sp1401-1220  14010525-1220381 3612604950963820160 210.2718741 -12.3439805 15.28 13.48 11.69 11.12 10.81 22.8590  0.0907 0.12 0.00 0.14 0.02 2976.  104.  5.1  0.9   7.06 10.25  4.99  9.93  3.50  1.01  3.15
Sp1406-3018  14064928-3018281 6173042836822996224 211.7050847 -30.3077769 15.03 12.92 11.36 10.69 10.37 22.4688  0.0615 0.14 0.00 0.15 0.02 3083.  104.  4.5  0.8   7.84  8.96  5.54  9.34  3.27  1.01  3.15
Sp1411-4132  14115998-4132211 6109949904687424640 212.9985981 -41.5394612 13.43 11.43  9.67  9.04  8.62  9.0000  0.0281 0.12 0.00 0.14 0.02 2993.  104.  5.0  0.9  28.79 11.84 20.36 11.31  4.55  2.18  6.95
Sp1414+6412  14145043+6412442 1668113865533954816 213.7102052  64.2122211 14.09 12.33 10.80 10.26  9.95 18.8968  0.0256 0.14 0.00 0.17 0.02 3094.  104.  4.4  0.8  10.55  7.91  7.46  8.77  2.98  1.04  3.27
Sp1419+3137  14194617+3137094 1477762323724646272 214.9425068  31.6192758 15.47 13.62 11.70 11.10 10.75 18.9646  0.0388 0.10 0.00 0.13 0.02 2844.  105.  5.9  1.0   8.77 13.00  6.20 11.10  4.35  1.35  4.16
Sp1422-7023  14221943-7023371 5846275093531511936 215.5743781 -70.3936155 13.59 11.90 10.23  9.67  9.37 12.8466  0.0120 0.13 0.00 0.15 0.02 3034.  104.  4.8  0.9  20.15  9.89 14.25 10.19  3.76  1.52  4.81
Sp1423+5146  14230252+5146303 1604901876901703168 215.7616852  51.7751450 15.88 14.03 11.88 11.30 10.95 17.3070  0.0310 0.09 0.00 0.12 0.01 2686.  104.  7.0  1.1   8.54 14.76  6.04 11.31  4.68  1.50  4.63
Sp1423-1455  14232385-1455354 6299557386358126976 215.8493321 -14.9263242 14.30 12.63 11.06 10.50 10.19 20.5055  0.0417 0.14 0.00 0.16 0.02 3082.  104.  4.5  0.8   8.76  8.38  6.20  9.07  3.08  1.01  3.16
Sp1423+1426  14234378+1426515 1228555023991501184 215.9323371  14.4475921 15.01 13.02 11.22 10.65 10.26 18.1560  0.0957 0.12 0.00 0.14 0.02 2965.  105.  5.2  0.9   9.14 11.00  6.47 10.50  3.90  1.28  4.01
Sp1424-3514  14241870-3514325 6119528334597735296 216.0779308 -35.2424279 15.81 13.80 11.84 11.20 10.81 19.0586  0.0862 0.10 0.00 0.12 0.01 2810.  105.  6.1  1.0   8.94 13.89  6.32 11.32  4.63  1.43  4.41
Sp1425-1624  14251336-1624559 6298364691119997440 216.3054436 -16.4155517 15.20 13.11 11.48 10.90 10.49 23.3053  0.0780 0.13 0.00 0.15 0.02 3052.  104.  4.7  0.9   7.10  8.91  5.02  9.18  3.21  0.98  3.05
Sp1425+2540  14253465+2540050 1256071505067560704 216.3943995  25.6680604 14.89 12.90 11.08 10.46 10.11 16.1196  0.0274 0.11 0.00 0.13 0.02 2943.  104.  5.3  0.9  10.82 12.29  7.65 11.32  4.33  1.48  4.62
Sp1427+6056  14270858+6056283 1618330448634358400 216.7862508  60.9411498 14.47 12.78 10.99 10.42 10.08 16.4136  0.0187 0.12 0.00 0.14 0.02 2970.  104.  5.1  0.9  10.56 11.21  7.47 10.79  3.99  1.37  4.29
Sp1428+4554  14283182+4554326 1494578701236917888 217.1304420  45.9090966 14.91 13.02 11.34 10.75 10.43 20.8250  0.0378 0.12 0.00 0.15 0.02 3027.  104.  4.8  0.9   8.06  9.73  5.70  9.83  3.46  1.07  3.35
Sp1429-6240  14294291-6240465 5853498713160606720 217.4097464 -62.6794964  8.95  7.12  5.36  4.83  4.38  1.3011  0.0003 0.13 0.00 0.15 0.02 2995.  106.  5.0  0.9 172.03 10.99 ***** 10.88  4.33  2.96  9.84
Sp1429-4808  14294137-4808312 6091907056321709312 217.4221047 -48.1420831 14.52 13.00 11.25 10.78 10.45 20.2303  0.0329 0.12 0.00 0.15 0.02 2999.  104.  5.0  0.9   7.82  9.34  5.53  9.57  3.29  1.04  3.25
Sp1431-2128  14311020-2128581 6279645574376722432 217.7926025 -21.4827774 14.83 12.98 11.42 10.83 10.53 23.9851  0.0572 0.14 0.00 0.16 0.02 3083.  104.  4.5  0.8   7.00  8.27  4.95  8.89  2.98  0.89  2.80
Sp1432+0811  14320849+0811313 1172618435080418176 218.0354271   8.1920135 13.68 11.70 10.11  9.53  9.17 12.7550  0.0183 0.14 0.00 0.16 0.02 3067.  104.  4.6  0.8  20.15  9.23 14.25  9.72  3.58  1.51  4.80
Sp1441-1427  14414598-1427173 6311012064136913920 220.4416376 -14.4548207 14.38 12.66 10.96 10.42 10.10 17.6759  0.0251 0.12 0.00 0.15 0.02 3020.  104.  4.8  0.9   9.99  9.81  7.07 10.01  3.54  1.20  3.77
Sp1443-0539  14430110-0539099 6337717243069148032 220.7546013  -5.6528487 14.01 12.23 10.72 10.17  9.88 18.5732  0.0458 0.14 0.00 0.17 0.02 3105.  104.  4.4  0.8  11.40  7.73  8.06  8.66  2.93  1.04  3.28
Sp1444+5817  14442542+5817130 1616853430856547968 221.1046982  58.2869741 14.13 12.52 10.93 10.41 10.06 19.2058  0.0256 0.14 0.00 0.16 0.02 3069.  104.  4.5  0.8   9.56  8.42  6.76  9.09  3.11  1.06  3.33
Sp1456+1754  14562713+1755001 1188693088919917952 224.1129899  17.9165987 14.08 12.24 10.74 10.15  9.85 18.6926  0.0277 0.14 0.00 0.17 0.02 3111.  104.  4.3  0.8  11.41  7.80  8.07  8.69  2.97  1.05  3.32
Sp1457+5639  14575374+5639242 1612801833587498240 224.4748729  56.6567968 13.59 12.00 10.21  9.63  9.27 11.4546  0.0089 0.12 0.00 0.14 0.02 2971.  105.  5.1  0.9  22.94 11.63 16.22 11.16  4.34  1.82  5.75
Sp1500-4102  15001090-4102568 6197011365679426688 225.0457829 -41.0491622 14.78 13.19 11.48 10.95 10.62 22.3820  0.0729 0.12 0.00 0.15 0.02 3015.  104.  4.9  0.9   7.16  9.35  5.07  9.51  3.28  0.98  3.07
Sp1504-2355  15041621-2355564 6227871564690336512 226.0672697 -23.9323844 16.23 14.04 12.01 11.38 11.03 19.6532  0.0721 0.10 0.00 0.12 0.01 2764.  105.  6.5  1.0   8.04 14.11  5.68 11.17  4.55  1.38  4.25
Sp1512-3901  15125078-3901180 6006981087424136576 228.2115189 -39.0216849 13.71 11.84 10.35  9.79  9.42 16.0316  0.0515 0.15 0.00 0.17 0.02 3116.  104.  4.3  0.8  15.67  7.52 11.08  8.47  2.95  1.17  3.70
Sp1516-2832  15165310-2832162 6213843239430821248 229.2205816 -28.5378980 13.67 12.01 10.52  9.91  9.61 16.8529  0.0268 0.14 0.00 0.17 0.02 3115.  104.  4.3  0.8  15.39  7.87 10.89  8.77  3.05  1.14  3.62
Sp1520-3559  15201272-3559244 6199925071490964992 230.0530790 -35.9901714 15.00 13.29 11.47 11.01 10.64 20.6649  0.0736 0.11 0.00 0.14 0.02 2943.  104.  5.3  0.9   7.54 10.18  5.33  9.88  3.51  1.08  3.37
Sp1526+3305  15262338+3305296 1277731574898670976 231.5973297  33.0915818 14.76 12.96 11.38 10.83 10.52 23.6812  0.0439 0.13 0.00 0.16 0.02 3077.  104.  4.5  0.8   7.02  8.17  4.96  8.82  2.94  0.89  2.78
Sp1527-0918  15270453-0918163 6317869099684480768 231.7688498  -9.3046105 15.20 13.48 11.69 11.14 10.81 22.8538  0.0530 0.12 0.00 0.14 0.02 2970.  104.  5.1  0.9   7.00 10.17  4.95  9.86  3.48  1.01  3.15
Sp1530+0926  15303032+0926014 1165479168642900992 232.6263558   9.4337315 13.09 11.35  9.57  9.01  8.66  8.6326  0.0110 0.12 0.00 0.14 0.02 2976.  104.  5.1  0.9  29.21 11.60 20.65 11.23  4.43  2.14  6.82
Sp1534+1800  15345086+1800131 1209432042883668480 233.7116510  18.0034460 13.91 12.12 10.60 10.01  9.71 17.0550  0.0488 0.14 0.00 0.16 0.02 3100.  104.  4.4  0.8  13.73  8.16  9.71  8.97  3.12  1.15  3.63
Sp1535+1743  15352039+1743045 1209281444150517120 233.8344508  17.7178930 13.45 11.84 10.28  9.80  9.52 14.9426  0.0176 0.13 0.00 0.17 0.02 3084.  104.  4.5  0.8  16.53  7.95 11.69  8.90  3.06  1.20  3.81
Sp1540-2613  15402966-2613422 6234648404610590208 235.1228120 -26.2285975 15.75 13.95 11.65 11.14 10.73 14.8532  0.0446 0.09 0.00 0.12 0.01 2612.  105.  7.5  1.1   9.09 14.90  6.43 11.23  4.70  1.65  5.09
Sp1546+3102  15462342+3102545 1369305397250137728 236.5974047  31.0484812 14.51 12.76 11.13 10.59 10.26 20.3400  0.0284 0.13 0.00 0.16 0.02 3056.  104.  4.6  0.8   8.50  8.86  6.01  9.35  3.22  1.04  3.25
Sp1552-2623  15524460-2623134 6235533167875990272 238.1859870 -26.3871417 14.10 12.12 10.26  9.68  9.31 10.6115  0.0196 0.11 0.00 0.13 0.02 2902.  104.  5.5  1.0  22.61 13.42 15.99 12.08  4.87  2.07  6.50
Sp1555+3350  15550512+3350517 1371474768050872192 238.7719657  33.8474177 14.38 12.79 11.20 10.78 10.50 22.8601  0.0350 0.13 0.00 0.17 0.02 3070.  104.  4.5  0.8   7.05  7.48  4.99  8.43  2.68  0.83  2.61
Sp1601-3421  16015561-3421563 6011177614079629952 240.4824994 -34.3657888 14.43 12.41 10.96 10.33  9.98 21.5576  0.0424 0.16 0.00 0.17 0.02 3132.  104.  4.2  0.8   8.93  7.23  6.32  8.17  2.75  0.94  2.96
Sp1602+0131  16024164+0131580 4412417304175836544 240.6735114   1.5328311 14.47 12.66 10.89 10.39 10.03 16.6233  0.0290 0.12 0.00 0.15 0.02 2989.  104.  5.0  0.9  10.36 10.18  7.33 10.19  3.66  1.28  4.00
Sp1605-4947  16050935-4947553 5983356259047553792 241.2893501 -49.7987258 14.18 12.16 10.59  9.98  9.64 16.1515  0.0224 0.14 0.00 0.16 0.02 3082.  104.  4.5  0.8  14.38  8.95 10.17  9.49  3.41  1.27  4.01
Sp1606+4054  16063390+4054216 1380293091823646720 241.6398146  40.9061205 14.86 12.87 11.05 10.42 10.07 15.7474  0.0196 0.11 0.00 0.13 0.02 2940.  104.  5.3  0.9  11.18 12.50  7.91 11.46  4.41  1.52  4.74
Sp1610-0631  16105843-0631325 4349305645979265920 242.7434588  -6.5257128 15.09 13.24 11.35 10.75 10.37 16.6879  0.0386 0.11 0.00 0.13 0.02 2870.  104.  5.7  1.0  10.04 13.20  7.10 11.48  4.53  1.50  4.66
Sp1626-3812  16265168-3812326 6018209128388194688 246.7149919 -38.2090526 13.90 12.00 10.37  9.80  9.44 13.9864  0.0235 0.13 0.00 0.15 0.02 3049.  104.  4.7  0.9  18.78  9.52 13.28  9.88  3.63  1.44  4.54
Sp1633-6808  16334908-6808480 5809399363316632064 248.4528664 -68.1467260 15.30 13.08 11.19 10.53 10.07 15.2083  0.0415 0.11 0.00 0.13 0.02 2875.  107.  5.7  1.0  11.47 14.13  8.11 12.01  4.94  1.73  5.39
Sp1635-5202  16353720-5202008 5931193640795532288 248.9044845 -52.0335612 13.74 11.94 10.41  9.79  9.56 15.3011  0.0229 0.14 0.00 0.16 0.02 3096.  104.  4.4  0.8  17.22  8.56 12.18  9.33  3.29  1.26  3.98
Sp1637+3535  16370146+3535456 1327654969076730880 249.2557757  35.5957868 14.70 12.92 11.13 10.54 10.24 17.6648  0.0218 0.12 0.00 0.14 0.02 2981.  104.  5.0  0.9   9.62 11.03  6.80 10.67  3.90  1.28  4.00
Sp1646+3434  16463154+3434554 1326893351115617024 251.6310126  34.5819942 14.31 12.41 10.53  9.97  9.61 11.8950  0.0119 0.11 0.00 0.13 0.02 2887.  104.  5.6  1.0  16.72 13.39 11.83 11.97  4.78  1.90  5.96
Sp1650+3045  16504059+3045433 1312891585932617344 252.6691745  30.7620615 14.71 13.03 11.33 10.77 10.43 20.8658  0.0312 0.12 0.00 0.15 0.02 3022.  104.  4.8  0.9   7.93  9.61  5.61  9.73  3.42  1.06  3.32
Sp1656-2046  16563362-2046373 4127182375667696128 254.1399835 -20.7771052 15.02 13.20 11.30 10.71 10.37 16.3463  0.0317 0.11 0.00 0.13 0.02 2867.  104.  5.8  1.0  10.22 13.20  7.23 11.54  4.51  1.50  4.66
Sp1659+3822  16590404+3822593 1351764475935262720 254.7669300  38.3831091 14.34 12.52 11.06 10.47 10.19 22.6398  0.0307 0.15 0.00 0.17 0.02 3128.  104.  4.2  0.8   8.05  7.11  5.69  8.15  2.66  0.87  2.73
Sp1708-3436  17081482-3436213 5977390652584004480 257.0614371 -34.6062893 14.27 12.39 10.87 10.36 10.01 20.0678  0.0559 0.14 0.00 0.17 0.02 3100.  104.  4.4  0.8   9.47  7.49  6.70  8.43  2.82  0.97  3.06
Sp1710+2758  17102828+2758099 4575010197472244352 257.6178682  27.9694018 15.43 13.67 11.85 11.27 10.94 23.3274  0.0399 0.11 0.00 0.14 0.02 2943.  104.  5.3  0.9   7.04 10.80  4.98 10.09  3.63  1.04  3.22
Sp1711+4029  17114604+4029014 1341903196663707904 257.9423605  40.4837573 14.23 12.63 11.07 10.56 10.27 21.1846  0.0301 0.14 0.00 0.17 0.02 3083.  104.  4.5  0.8   8.26  7.94  5.84  8.78  2.90  0.94  2.95
Sp1712-0323  17120433-0323300 4366633811793952896 258.0179903  -3.3917385 15.53 13.46 11.61 10.99 10.64 19.5506  0.0458 0.11 0.00 0.13 0.02 2905.  104.  5.5  1.0   8.53 12.19  6.03 10.89  4.17  1.28  3.98
Sp1717+1140  17174408+1140117 4540481374832743040 259.4336828  11.6701181 13.24 11.32  9.82  9.26  8.93 12.3638  0.0264 0.15 0.00 0.17 0.02 3110.  104.  4.3  0.8  19.95  7.80 14.11  8.75  3.10  1.39  4.43
Sp1719-2224  17195055-2224115 4114726279009806976 259.9605369 -22.4031687 14.71 12.86 11.22 10.70 10.34 21.0495  0.0399 0.13 0.00 0.16 0.02 3047.  105.  4.7  0.9   7.94  8.82  5.62  9.26  3.18  1.01  3.17
Sp1730+8444  17300207+8444159 1723645112612063616 262.5126254  84.7377778 14.42 12.60 11.12 10.53 10.23 22.7761  0.0361 0.15 0.00 0.17 0.02 3120.  104.  4.3  0.8   7.86  7.36  5.56  8.31  2.74  0.88  2.77
Sp1731-7851  17314492-7851257 5776716483248901760 262.9355408 -78.8571363 15.30 13.31 11.61 11.01 10.68 23.2623  0.0397 0.12 0.00 0.15 0.02 3021.  104.  4.8  0.9   7.09  9.71  5.01  9.68  3.40  1.00  3.10
Sp1733+6312  17331479+6312279 1440197680761004288 263.3113084  63.2077450 14.59 12.67 11.20 10.60 10.27 23.9914  0.0408 0.15 0.00 0.17 0.02 3126.  104.  4.2  0.8   7.27  7.14  5.14  8.08  2.67  0.85  2.67
Sp1734-0849  17340869-0849514 4168368844280868992 263.5361708  -8.8310416 14.14 12.70 10.90 10.40 10.05 16.1285  0.0228 0.12 0.00 0.14 0.02 2964.  104.  5.2  0.9  10.67 10.76  7.54 10.52  3.83  1.34  4.19
Sp1734+6333  17342277+6333265 1440254133811195904 263.5959661  63.5573563 14.32 12.84 11.30 10.76 10.50 23.6864  0.0394 0.14 0.00 0.17 0.02 3092.  104.  4.4  0.8   7.07  7.75  5.00  8.60  2.80  0.85  2.67
Sp1736-3425  17364180-3425459 4053559111471124608 264.1740823 -34.4294964 15.33 13.25 11.43 10.81 10.50 18.8096  0.0442 0.11 0.00 0.13 0.02 2938.  105.  5.3  0.9   8.90 11.83  6.29 10.91  4.09  1.28  3.98
Sp1741+0940  17415439+0940537 4489306942580947584 265.4766729   9.6816515 15.95 14.01 11.91 11.34 10.97 18.2672  0.0472 0.09 0.00 0.12 0.01 2719.  105.  6.8  1.1   8.66 14.36  6.12 11.21  4.59  1.44  4.45
Sp1744-5834  17442494-5834151 5918136424731578240 266.1043283 -58.5708801 15.75 13.97 12.02 11.49 11.13 22.0670  0.0585 0.10 0.00 0.13 0.02 2821.  104.  6.1  1.0   7.42 11.89  5.24 10.20  3.88  1.13  3.51
Sp1746-3214  17464063-3214045 4055579464064558592 266.6695735 -32.2345840 13.97 12.14 10.35  9.74  9.38 12.0484  0.0160 0.12 0.00 0.14 0.02 2973.  104.  5.1  0.9  19.59 11.94 13.85 11.33  4.43  1.80  5.67
Sp1751+3749  17513557+3749347 4609151442264875648 267.8980454  37.8264660 14.09 12.03 10.44  9.84  9.50 14.7502  0.0151 0.13 0.00 0.16 0.02 3068.  104.  4.6  0.8  17.46  9.29 12.34  9.73  3.56  1.38  4.36
Sp1755+5824  17553340+5824269 1421971866781082112 268.8902441  58.4076399 15.58 13.68 11.82 11.23 10.88 21.6367  0.0390 0.11 0.00 0.13 0.02 2901.  104.  5.5  1.0   7.66 11.68  5.42 10.47  3.93  1.16  3.58
Sp1757+7042  17571539+7042011 1638180413086979840 269.3142416  70.7003102 15.68 13.28 11.45 10.84 10.40 18.9877  0.0896 0.12 0.00 0.13 0.02 2938.  104.  5.3  0.9   8.81 11.82  6.23 10.77  4.16  1.33  4.12
Sp1757+5025  17573564+5025283 1364505238720496256 269.3986778  50.4244966 14.66 12.83 11.27 10.77 10.42 23.2004  0.0381 0.14 0.00 0.17 0.02 3080.  104.  4.5  0.8   7.13  7.75  5.04  8.53  2.82  0.88  2.76
Sp1757-4419  17574638-4419177 5956044179742203520 269.4430916 -44.3215825 15.37 13.39 11.59 10.96 10.65 20.9435  0.0534 0.12 0.00 0.14 0.02 2965.  104.  5.2  0.9   7.93 11.14  5.61 10.49  3.84  1.15  3.58
Sp1802+3731  18024624+3731048 4609689240889873280 270.6929584  37.5174915 13.11 11.21  9.72  9.19  8.89 12.2008  0.0100 0.15 0.00 0.17 0.02 3118.  104.  4.3  0.8  19.89  7.37 14.06  8.46  2.95  1.34  4.29
Sp1804-3129  18041462-3129284 4043852481204049536 271.0609129 -31.4913600 15.15 13.56 11.72 11.15 10.88 21.6282  0.0704 0.11 0.00 0.14 0.02 2928.  104.  5.4  1.0   7.55 11.15  5.34 10.37  3.73  1.09  3.38
Sp1805-1422  18054470-1422425 4147112604476417792 271.4360088 -14.3784682 13.28 11.56  9.78  9.21  8.86  9.4656  0.0132 0.12 0.00 0.14 0.02 2975.  104.  5.1  0.9  26.81 11.63 18.96 11.24  4.41  2.04  6.48
Sp1812+2536  18124242+2536013 4579668141049191040 273.1766443  25.6003686 15.06 13.32 11.54 11.02 10.75 22.1431  0.0364 0.12 0.00 0.15 0.02 2987.  105.  5.0  0.9   7.13  9.79  5.04  9.78  3.36  0.99  3.08
Sp1818+6611  18185725+6611332 2257597439718033536 274.7412344  66.1925838 11.92 10.26  8.74  8.26  7.95  7.6421  0.0032 0.14 0.00 0.17 0.02 3101.  105.  4.4  0.8  38.12  7.61 26.96  8.68  3.09  1.69  5.50
Sp1819-4032  18191963-4032578 6726429375571878912 274.8318795 -40.5494447 15.72 13.71 11.90 11.26 10.92 23.6341  0.0588 0.12 0.00 0.13 0.02 2955.  104.  5.2  0.9   7.14 11.10  5.05 10.26  3.75  1.06  3.30
Sp1824-0536  18242359-0536488 4161034758178900224 276.0982862  -5.6136806 14.45 12.42 10.60 10.03  9.62 13.2300  0.0184 0.12 0.00 0.14 0.02 2944.  104.  5.3  0.9  14.87 12.04 10.52 11.24  4.39  1.70  5.33
Sp1833+5143  18335703+5143213 2145277550935526784 278.4883370  51.7224335 13.93 11.90 10.42  9.81  9.52 16.4733  0.0191 0.15 0.00 0.17 0.02 3123.  104.  4.3  0.8  15.59  7.64 11.02  8.60  2.98  1.15  3.64
Sp1837+2030  18373180+2030424 4525711600783788160 279.3825709  20.5116760 14.64 12.82 11.08 10.43 10.15 17.3504  0.0247 0.12 0.00 0.14 0.02 3004.  104.  4.9  0.9  10.26 11.18  7.26 10.84  3.99  1.32  4.13
Sp1838+3418  18380151+3418057 2094376587844253824 279.5063326  34.3016409 15.06 13.13 11.42 10.85 10.53 21.4018  0.0349 0.12 0.00 0.15 0.02 3015.  104.  4.9  0.9   7.66  9.74  5.41  9.78  3.44  1.05  3.27
Sp1839+1648  18394841+1648497 4511615999154663296 279.9518260  16.8137737 14.83 12.99 11.43 10.83 10.53 23.7779  0.0475 0.13 0.00 0.16 0.02 3079.  104.  4.5  0.8   7.08  8.40  5.00  8.97  3.02  0.91  2.84
Sp1841-4347  18410977-4347327 6709964635600548992 280.2895827 -43.7924280 14.16 12.30 10.48  9.94  9.60 12.5130  0.0167 0.11 0.00 0.14 0.02 2935.  104.  5.3  0.9  16.50 12.00 11.67 11.31  4.35  1.71  5.38
Sp1841+2421  18414791+2421595 4535850438020392704 280.4496079  24.3665819 15.31 13.55 11.72 11.09 10.76 21.0557  0.0367 0.11 0.00 0.13 0.02 2928.  105.  5.4  0.9   7.95 11.71  5.62 10.65  3.99  1.18  3.67
Sp1842+3111  18423724+3111062 2089980534198798848 280.6548754  31.1849335 14.27 12.62 11.15 10.58 10.27 23.7130  0.0325 0.15 0.00 0.17 0.02 3125.  104.  4.3  0.8   7.35  7.00  5.20  8.02  2.61  0.83  2.62
Sp1843-3322  18431237-3322313 6735656923825448320 280.8014334 -33.3753672 14.30 12.39 10.73 10.14  9.83 16.0390  0.0370 0.13 0.00 0.15 0.02 3038.  104.  4.7  0.9  12.49  9.92  8.83 10.13  3.68  1.32  4.15
Sp1844+7408  18445350+7408555 2268003149041626240 281.2227194  74.1487646 14.64 12.70 11.20 10.63 10.32 23.1980  0.0404 0.14 0.00 0.17 0.02 3110.  104.  4.3  0.8   7.48  7.49  5.29  8.40  2.76  0.87  2.74
Sp1845+5227  18455236+5227400 2144816958643384064 281.4656070  52.4612843 13.85 12.53 10.97 10.48 10.23 20.4725  0.0231 0.13 0.00 0.17 0.02 3083.  104.  4.5  0.8   8.73  7.77  6.17  8.71  2.84  0.93  2.94
Sp1846-3250  18460763-3250107 6736068072442493312 281.5318593 -32.8362832 15.01 13.21 11.43 10.86 10.55 20.4895  0.0533 0.12 0.00 0.14 0.02 2983.  104.  5.0  0.9   7.92 10.41  5.60 10.16  3.63  1.11  3.46
Sp1848+0741  18481752+0741210 4286249341336984576 282.0730857   7.6892160 12.31 10.38  8.85  8.26  7.91  7.6172  0.0050 0.14 0.00 0.16 0.02 3100.  104.  4.4  0.8  38.53  8.49 27.24  9.26  3.45  1.86  6.05
Sp1848-6855  18482096-6855350 6431977687725247104 282.0848396 -68.9262185 15.51 13.78 11.89 11.40 11.10 22.6086  0.0819 0.10 0.00 0.14 0.02 2873.  105.  5.7  1.0   7.03 10.93  4.97  9.98  3.56  1.03  3.19
Sp1848-8214  18485108-8214422 6359521108406068992 282.2117325 -82.2450380 15.61 13.40 11.48 10.92 10.50 17.5388  0.0332 0.11 0.00 0.13 0.02 2846.  105.  5.9  1.0   9.31 12.93  6.59 11.14  4.42  1.44  4.47
Sp1851+2641  18514525+2641569 4538002628953515392 282.9386761  26.6991013 15.32 13.64 11.79 11.22 10.88 21.8633  0.0344 0.11 0.00 0.13 0.02 2911.  105.  5.5  1.0   7.47 11.27  5.28 10.30  3.79  1.11  3.45
Sp1852-0305  18521549-0305552 4258755778197107200 283.0645573  -3.0986115 15.89 13.99 12.08 11.50 11.12 23.2930  0.0634 0.11 0.00 0.13 0.02 2860.  105.  5.8  1.0   7.23 11.57  5.12 10.03  3.87  1.11  3.42
Sp1852+3659  18524397+3659176 2093971520889175552 283.1832861  36.9882418 14.10 12.72 11.17 10.66 10.38 22.4828  0.0259 0.14 0.00 0.17 0.02 3089.  104.  4.5  0.8   7.55  7.68  5.34  8.57  2.79  0.88  2.76
Sp1854-5704  18545092-5704417 6637017330494491648 283.7105093 -57.0782589 15.95 13.88 11.81 11.21 10.79 17.5073  0.0651 0.10 0.00 0.12 0.01 2734.  105.  6.7  1.1   9.38 14.88  6.63 11.56  4.86  1.56  4.81
Sp1855-6914  18554792-6914153 6421389047155380352 283.9530614 -69.2374802 14.25 12.33 10.47  9.88  9.51 11.6007  0.0114 0.11 0.00 0.13 0.02 2900.  104.  5.5  1.0  18.06 13.43 12.77 12.03  4.84  1.95  6.12
Sp1907+0443  19072214+0443554 4269411798275964800 286.8422408   4.7320333 15.28 13.33 11.51 10.92 10.60 19.7123  0.0466 0.11 0.00 0.14 0.02 2938.  104.  5.3  0.9   8.35 11.45  5.91 10.64  3.94  1.21  3.76
Sp1913-2312  19130608-2312052 4080825969002728320 288.2753676 -23.2013848 14.99 13.08 11.43 10.87 10.52 22.6267  0.0978 0.13 0.00 0.15 0.02 3043.  104.  4.7  0.9   7.29  9.06  5.16  9.34  3.23  0.98  3.07
Sp1917-3019  19170448-3019198 6758930664392303232 289.2689410 -30.3222513 15.42 13.64 11.82 11.25 10.88 23.2598  0.0640 0.12 0.00 0.14 0.02 2948.  105.  5.3  0.9   7.01 10.66  4.96  9.99  3.62  1.05  3.24
Sp1918-4554  19182944-4554308 6664246083120889344 289.6219914 -45.9084610 14.66 12.92 11.21 10.65 10.30 19.5899  0.0415 0.13 0.00 0.15 0.02 3016.  104.  4.8  0.9   8.57  9.84  6.06  9.90  3.53  1.14  3.55
Sp1919+4127  19194106+4127490 2101469984033864320 289.9212679  41.4635529 14.76 12.90 11.26 10.68 10.37 20.9176  0.0304 0.13 0.00 0.15 0.02 3048.  104.  4.7  0.9   8.16  9.22  5.77  9.56  3.31  1.04  3.25
Sp1924+7533  19241634+7533121 2289304297045379456 291.0727285  75.5532900 13.40 11.59  9.91  9.28  8.96 10.6207  0.0072 0.13 0.00 0.15 0.02 3028.  104.  4.8  0.9  24.66 10.82 17.44 10.80  4.16  1.84  5.85
Sp1925+0938  19253089+0938235 4308488780772030336 291.3787992   9.6398039 15.67 13.02 11.21 10.52 10.02 16.8046  0.0824 0.12 0.00 0.13 0.02 2955.  104.  5.2  0.9  10.52 12.69  7.44 11.36  4.57  1.56  4.86
Sp1929+1101  19294379+1101571 4314878631298620160 292.4324907  11.0325221 16.19 14.05 12.04 11.40 10.99 20.2018  0.0542 0.10 0.00 0.12 0.01 2779.  105.  6.3  1.0   7.82 13.78  5.53 10.96  4.56  1.38  4.24
Sp1931-0306  19310458-0306186 4213581106021661184 292.7691593  -3.1050332 14.68 12.88 11.15 10.56 10.23 18.4344  0.0415 0.12 0.00 0.14 0.02 3005.  104.  4.9  0.9   9.28 10.44  6.56 10.31  3.73  1.22  3.82
Sp1943+4518  19430726+4518089 2079782151537655936 295.7805846  45.3025956 14.94 13.05 11.33 10.75 10.38 20.4455  0.0294 0.13 0.00 0.15 0.02 3014.  104.  4.9  0.9   8.13  9.94  5.75  9.89  3.55  1.12  3.49
Sp1948-0822  19482268-0822520 4195469572528982144 297.0944299  -8.3811668 14.58 12.77 11.12 10.54 10.19 19.5325  0.0319 0.13 0.00 0.15 0.02 3045.  104.  4.7  0.9   8.96  9.41  6.34  9.68  3.42  1.12  3.51
Sp1953+4424  19535508+4424550 2079073928612819840 298.4777692  44.4142616 11.47 10.08  8.28  7.73  7.39  4.6901  0.0126 0.12 0.00 0.14 0.02 2961.  105.  5.2  0.9  72.40 11.96 51.19 11.49  4.65  2.79  9.08
Sp1953+4424  19535508+4424550 2079073928612821760 298.4803488  44.4150401 11.92 10.08  8.28  7.73  7.39  4.6596  0.0019 0.12 0.00 0.14 0.02 2957.  105.  5.2  0.9  72.71 12.07 51.42 11.56  4.69  2.82  9.17
Sp2001+6953  20011987+6953319 2250947352873635712 300.3331468  69.8921842 14.63 12.82 11.14 10.51 10.20 18.8188  0.0208 0.13 0.00 0.15 0.02 3031.  104.  4.8  0.9   9.39 10.16  6.64 10.18  3.66  1.19  3.74
Sp2002-5425  20021341-5425558 6473160651658069120 300.5562102 -54.4321969 15.51 13.56 11.62 11.04 10.64 18.0556  0.0378 0.10 0.00 0.13 0.02 2827.  104.  6.0  1.0   9.14 13.31  6.46 11.22  4.49  1.43  4.42
Sp2005+1911  20055044+1911189 1822574770834494208 301.4601981  19.1887381 13.92 12.41 10.88 10.34 10.08 19.6903  0.3735 0.14 0.00 0.17 0.02 3096.  105.  4.4  0.8   9.73  7.83  6.88  8.75  2.91  0.98  3.10
Sp2012+1246  20125255+1246315 1803225427774999680 303.2191129  12.7754766 16.14 14.12 12.04 11.43 11.04 19.2538  0.0395 0.10 0.00 0.12 0.01 2729.  104.  6.7  1.1   7.20 14.32  5.09 11.07  4.63  1.42  4.39
Sp2016-7531  20161129-7531044 6366571314402539008 304.0501097 -75.5179271 13.89 12.05 10.46  9.86  9.51 15.0823  0.0191 0.14 0.00 0.16 0.02 3074.  104.  4.5  0.8  16.86  9.11 11.92  9.60  3.49  1.35  4.26
Sp2019-5816  20194981-5816431 6468337884421010048 304.9574595 -58.2786070 14.61 12.28 10.66 10.10  9.71 16.3238  0.0290 0.13 0.00 0.16 0.02 3057.  104.  4.6  0.8  12.85  9.16  9.08  9.57  3.45  1.27  4.02
Sp2023-1303  20235220-1303169 6876824767881427328 305.9676697 -13.0548575 14.87 13.27 11.53 10.97 10.66 22.1904  0.0559 0.12 0.00 0.15 0.02 3002.  104.  4.9  0.9   7.25  9.78  5.13  9.76  3.40  1.01  3.15
Sp2029+5750  20291194+5750317 2188222203084317184 307.2999193  57.8421269 15.09 13.20 11.36 10.74 10.39 17.8686  0.0246 0.11 0.00 0.13 0.02 2926.  105.  5.4  1.0   9.46 12.30  6.69 11.16  4.27  1.37  4.27
Sp2039-2926  20392378-2926335 6798222846275675520 309.8494584 -29.4429643 15.20 13.19 11.36 10.74 10.37 17.9336  0.0453 0.11 0.00 0.13 0.02 2927.  104.  5.4  1.0   9.38 12.17  6.63 11.06  4.24  1.37  4.27
Sp2042-0500  20424514-0500193 6914281796143286784 310.6882190  -5.0053274 15.20 13.39 11.45 10.87 10.54 16.7442  0.0296 0.10 0.00 0.13 0.02 2827.  104.  6.0  1.0   9.83 13.58  6.95 11.53  4.56  1.49  4.61
Sp2043-2925  20431469-2925217 6795261758382371840 310.8112751 -29.4226776 15.06 13.15 11.42 10.87 10.57 21.4622  0.1008 0.12 0.00 0.15 0.02 3009.  105.  4.9  0.9   7.54  9.65  5.33  9.74  3.38  1.03  3.20
Sp2044+1339  20442205+1339002 1762070089066876288 311.0920284  13.6502529 14.45 12.67 11.16 10.57 10.25 22.5066  0.0342 0.14 0.00 0.17 0.02 3108.  104.  4.3  0.8   7.86  7.74  5.56  8.56  2.87  0.92  2.88
Sp2049+3216  20491376+3216514 1859954695858413184 312.3071438  32.2809245 15.33 13.56 11.77 11.18 10.86 23.2631  0.0468 0.12 0.00 0.14 0.02 2970.  104.  5.1  0.9   7.01 10.45  4.96  9.99  3.55  1.02  3.17
Sp2049+3336  20492745+3336512 1869054868256849920 312.3641553  33.6141574 15.40 13.44 11.50 10.87 10.54 16.7182  0.0262 0.10 0.00 0.12 0.01 2828.  104.  6.0  1.0  10.09 14.17  7.14 11.81  4.77  1.55  4.78
Sp2049-1716  20495272-1716083 6858958940879829248 312.4697815 -17.2690190 15.78 13.81 11.81 11.21 10.81 18.7012  0.0373 0.10 0.00 0.12 0.01 2789.  105.  6.3  1.0   8.90 13.84  6.29 11.23  4.58  1.43  4.42
Sp2101+0307  21010483+0307047 1731137528439917568 315.2699628   3.1180481 15.89 13.60 11.70 10.96 10.57 18.3749  0.0559 0.11 0.00 0.12 0.01 2869.  105.  5.8  1.0   9.67 14.31  6.84 11.82  4.91  1.53  4.73
Sp2111-0940  21112419-0940334 6895572437565417856 317.8508356  -9.6759003 14.48 12.48 10.94 10.28  9.95 18.9569  0.0378 0.14 0.00 0.16 0.02 3091.  104.  4.4  0.8  10.40  8.88  7.35  9.40  3.32  1.14  3.58
Sp2116+2238  21160629+2238462 1791810263689791488 319.0262972  22.6462308 15.61 13.70 11.78 11.30 10.83 20.8669  0.0502 0.11 0.00 0.13 0.02 2847.  104.  5.9  1.0   7.59 11.51  5.37 10.14  3.89  1.19  3.70
Sp2124+4003  21243234+4003599 1965478468902062464 321.1353694  40.0665815 13.92 11.90 10.34  9.74  9.43 14.5085  0.0165 0.14 0.00 0.16 0.02 3083.  104.  4.5  0.8  18.08  8.86 12.79  9.49  3.42  1.35  4.27
Sp2129-1855  21292339-1855075 6831300038686921088 322.3474424 -18.9188454 14.88 12.88 11.26 10.64 10.30 20.8510  0.0447 0.13 0.00 0.15 0.02 3056.  104.  4.6  0.8   8.35  9.37  5.90  9.62  3.40  1.08  3.37
Sp2132-0511  21322975-0511585 2671157366745568256 323.1240414  -5.1997298 15.12 13.15 11.42 10.73 10.38 20.0648  0.0401 0.12 0.00 0.14 0.02 3009.  104.  4.9  0.9   8.63 11.06  6.10 10.55  3.94  1.23  3.82
Sp2134-4316  21342228-4316102 6577933973662574080 323.5931443 -43.2696224 14.29 12.23 10.69 10.04  9.69 16.8945  0.0269 0.14 0.00 0.16 0.02 3091.  104.  4.4  0.8  13.23  8.98  9.36  9.47  3.42  1.25  3.95
Sp2135-5325  21353962-5325315 6462049502543522688 323.9148331 -53.4254321 14.08 12.29 10.80 10.25  9.91 19.8673  0.0303 0.15 0.00 0.17 0.02 3117.  104.  4.3  0.8  10.19  7.32  7.20  8.30  2.79  0.97  3.08
Sp2138+5257  21381698+5257188 2173367633501430272 324.5713543  52.9552256 15.83 13.85 11.85 11.17 10.81 18.2225  0.0379 0.10 0.00 0.12 0.01 2783.  105.  6.3  1.0   9.45 14.83  6.68 11.73  4.88  1.52  4.68
Sp2139-1048  21390367-1048437 6892947044316282368 324.7655153 -10.8123794 14.41 12.99 11.26 10.79 10.51 20.6394  0.0337 0.12 0.00 0.15 0.02 3009.  104.  4.9  0.9   7.72  9.16  5.46  9.51  3.22  1.00  3.13
Sp2142-2624  21422531-2624036 6811417157605199104 325.6054509 -26.4011298 14.65 12.86 11.32 10.77 10.46 23.8210  0.0554 0.14 0.00 0.17 0.02 3093.  104.  4.4  0.8   7.05  7.78  4.99  8.57  2.82  0.86  2.71
Sp2151+2328  21510510+2328088 1795813379365971072 327.7712326  23.4693356 14.40 13.43 11.49 10.82 10.65 16.2283  0.0974 0.10 0.00 0.12 0.01 2821.  105.  6.1  1.0  10.55 14.79  7.46 12.27  4.85  1.54  4.76
Sp2151-0127  21512700-0127144 2673992663636347520 327.8626063  -1.4539733 14.87 13.03 11.28 10.74 10.38 19.9256  0.0436 0.12 0.00 0.15 0.02 3002.  104.  4.9  0.9   8.22  9.95  5.81  9.93  3.53  1.12  3.49
Sp2151-4017  21513137-4017229 6572811211549713792 327.8813078 -40.2897689 15.42 13.30 11.45 10.76 10.41 17.7957  0.0496 0.11 0.00 0.13 0.02 2915.  104.  5.5  1.0   9.72 13.11  6.88 11.53  4.55  1.45  4.50
Sp2151-1514  21515955-1514018 6839883788525745536 327.9981784 -15.2337129 14.23 12.69 11.15 10.64 10.36 22.3670  0.0455 0.14 0.00 0.17 0.02 3091.  104.  4.4  0.8   7.63  7.63  5.40  8.54  2.78  0.88  2.76
Sp2204+1505  22042147+1505517 1768695093298872832 331.0897781  15.0979087 14.40 12.34 10.87 10.31  9.98 20.7244  0.1321 0.15 0.00 0.17 0.02 3122.  104.  4.3  0.8   9.41  7.15  6.65  8.17  2.71  0.93  2.95
Sp2205-1104  22053575-1104287 2614071100988460544 331.3988693 -11.0747115 15.38 13.54 11.66 11.05 10.72 19.5949  0.0492 0.11 0.00 0.13 0.02 2887.  104.  5.6  1.0   8.50 12.39  6.01 10.94  4.19  1.28  3.95
Sp2206-0723  22060961-0723353 2620145937091715072 331.5401240  -7.3932234 14.21 12.34 10.67 10.06  9.76 15.3769  0.0214 0.13 0.00 0.15 0.02 3034.  104.  4.8  0.9  13.48 10.23  9.53 10.34  3.80  1.39  4.36
Sp2213-6342  22135048-6342100 6405457982659103872 333.4608973 -63.7027805 14.66 12.80 10.92 10.30  9.94 13.8547  0.0169 0.11 0.00 0.13 0.02 2888.  104.  5.6  1.0  12.99 13.86  9.18 12.14  4.84  1.76  5.48
Sp2224+2230  22244238+2230425 1875075420267288064 336.1765302  22.5118489 15.52 13.71 11.81 11.25 10.88 20.8411  0.0427 0.11 0.00 0.13 0.02 2864.  105.  5.8  1.0   7.89 12.04  5.58 10.55  4.03  1.21  3.74
Sp2234+2757  22344716+2757542 1881322536098686080 338.6964139  27.9650483 14.51 12.71 11.19 10.66 10.37 23.0654  0.0443 0.14 0.00 0.17 0.02 3101.  104.  4.4  0.8   7.42  7.50  5.25  8.42  2.75  0.86  2.71
Sp2240-4931  22401867-4931045 6517274496976569344 340.0789463 -49.5179120 13.19 11.38  9.84  9.26  9.01 11.9008  0.0121 0.14 0.01 0.16 0.02 3093.  105.  4.4  0.8  21.14  8.49 14.95  9.32  3.34  1.47  4.69
Sp2240-4931  22401895-4931013 6517274535632335872 340.0800866 -49.5170070 13.38 11.53  9.93  9.38  9.03 11.9014  0.0137 0.13 0.00 0.16 0.02 3065.  104.  4.6  0.8  21.12  9.03 14.93  9.61  3.52  1.54  4.91
Sp2241-7500  22415937-7500329 6381623044470172672 340.4964305 -75.0091829 13.94 12.25 10.43  9.90  9.60 12.4187  0.0122 0.11 0.00 0.14 0.02 2943.  104.  5.3  0.9  17.11 11.76 12.10 11.23  4.28  1.68  5.29
Sp2246-0639  22462632-0639259 2611463952760479232 341.6097987  -6.6573225 14.19 12.26 10.79 10.19  9.85 19.8787  0.0401 0.15 0.00 0.17 0.02 3127.  104.  4.2  0.8  10.48  7.28  7.41  8.25  2.80  0.99  3.12
Sp2248+1232  22482247+1232105 2719512513745949184 342.0938872  12.5362276 14.85 12.88 11.19 10.60 10.23 19.5209  0.0585 0.13 0.00 0.15 0.02 3028.  104.  4.8  0.9   8.81  9.86  6.23  9.92  3.56  1.16  3.62
Sp2309+5506  23095781+5506472 1996725077535282944 347.4923996  55.1131619 14.01 12.07 10.54  9.94  9.60 16.3600  0.0215 0.14 0.00 0.16 0.02 3096.  104.  4.4  0.8  15.04  8.43 10.64  9.13  3.24  1.22  3.86
Sp2310+6134  23102392+6134222 2014924125275395840 347.6008647  61.5728308 14.45 12.74 11.23 10.65 10.39 23.2514  0.0335 0.14 0.00 0.17 0.02 3106.  104.  4.4  0.8   7.42  7.64  5.25  8.53  2.80  0.87  2.73
Sp2315-0627  23155449-0627462 2631857350835259392 348.9771187  -6.4628983 14.82 12.93 11.11 10.57 10.23 16.8082  0.0236 0.11 0.00 0.14 0.02 2939.  104.  5.3  0.9   9.97 11.51  7.05 10.87  4.03  1.35  4.22
Sp2324+2834  23235980+2834037 2869128764655109504 351.0001345  28.5676597 14.16 12.45 10.92 10.35 10.06 19.8294  0.0354 0.14 0.00 0.16 0.02 3097.  104.  4.4  0.8   9.64  8.03  6.82  8.86  2.99  1.01  3.18
Sp2324-1522  23241688-1522228 2407573643242037888 351.0703645 -15.3730511 14.70 12.93 11.19 10.54 10.20 18.1796  0.0283 0.12 0.00 0.14 0.02 3002.  104.  4.9  0.9   9.58 11.08  6.78 10.67  3.97  1.30  4.05
Sp2327-1741  23272645-1741329 2393563872239260928 351.8602124 -17.6924379 15.55 13.76 11.75 11.20 10.84 18.3781  0.0303 0.10 0.00 0.12 0.02 2777.  105.  6.4  1.0   8.77 13.51  6.20 11.10  4.42  1.39  4.30
Sp2330-8455  23303802-8455189 6343965492773694464 352.6470116 -84.9219224 12.90 11.33  9.84  9.30  8.99 12.7125  0.0107 0.15 0.00 0.17 0.02 3113.  104.  4.3  0.8  19.13  7.51 13.53  8.56  2.99  1.32  4.23
Sp2335-0223  23351050-0223214 2640434056928150400 353.7935953  -2.3890597 12.64 10.88  9.15  8.51  8.18  7.1740  0.0057 0.12 0.00 0.14 0.02 3006.  105.  4.9  0.9  37.46 11.72 26.49 11.39  4.57  2.38  7.66
Sp2335+7354  23354424+7354131 2229106207224369024 353.9337141  73.9036289 14.61 12.80 11.19 10.60 10.30 20.5286  0.0330 0.13 0.00 0.15 0.02 3057.  104.  4.6  0.9   8.47  9.08  5.99  9.50  3.29  1.05  3.28
Sp2337+1622  23373601+1622031 2819781274051096192 354.4000015  16.3675801 14.02 12.20 10.48  9.89  9.62 13.6967  0.0215 0.12 0.00 0.15 0.02 3011.  105.  4.9  0.9  16.25 10.66 11.49 10.66  3.96  1.51  4.76
Sp2341+4410  23415498+4410407 1926461164913660160 355.4795085  44.1774514 10.37  8.37  6.88  6.25  5.93  3.1542  0.0013 0.15 0.00 0.17 0.02 3118.  104.  4.3  0.8  94.98  8.24 67.16  9.11  3.41  2.17  7.23
Sp2347-1220  23472176-1220358 2420649585275393920 356.8406054 -12.3433456 14.02 12.26 10.68 10.10  9.76 16.7583  0.0230 0.14 0.00 0.16 0.02 3072.  104.  4.5  0.8  12.73  8.88  9.00  9.43  3.35  1.22  3.84
Sp2358-6245  23584285-6245423 6487483783474213632 359.6816847 -62.7617864 14.90 13.18 11.39 10.83 10.52 19.8594  0.0288 0.12 0.00 0.14 0.02 2972.  104.  5.1  0.9   8.19 10.60  5.79 10.28  3.69  1.15  3.57
Sp2359+4745  23594940+4745447 1927517417630958208 359.9581179  47.7623658 14.31 12.38 10.87 10.26  9.93 19.2259  0.0296 0.14 0.00 0.16 0.02 3101.  104.  4.4  0.8  10.36  8.17  7.33  8.92  3.08  1.07  3.36
